EXPLORATORY follow-up to realistic_engine.py (decided 2026-10-07 AFTER seeing its results; user chose
"hedge near the close" + "allow hedges on the settlement day"). Not a pre-declared test.

Same simulator (realistic_engine.run_cycle), data, lots, costs, accounts, hedge rules. Changes:
  nearclose   decisions at the close of day t are filled at the close of day t (stands for trading
              ~15:15-15:25 at near-close prices); entry at the settlement close (as Stage 5);
              hedging continues through the session before settlement. Fill = close +/- the
              usual half-spread / 0.5 bp futures spread, plus extra slippage for the minutes
              before the close: S0 none, S1 futures 2 bp + options 0.5% of price, S2 5 bp + 1%.
  nextday+    the frozen next-day-VWAP rules, amended to allow a hedge order on the settlement
              session (filled at that day's VWAP; futures then settle at the closing index).
Selection fixed: best 2008-2017 excess Sharpe among implementable rules, or "don't trade" if no
rule has a positive one; judged on 2018-2026. Every rule is reported.
Writes data/processed/realistic/_nearclose.txt (+ _nearclose_summary.csv)

run time 205s

====================================================================================================
nearclose S0 | 2008-2017  (% of capital per year; excess = without collateral interest)
====================================================================================================
cap instr   rule  excess_yr  stress_yr  gross_yr  cost_yr  sharpe  maxdd  worst_month  traded  trades_per_cycle   lots
10L   FUT  band1      -2.12      -4.25     -0.38     1.74   -0.19  53.51       -13.37   99.53              5.32   3.27
10L   FUT  band2      -1.91      -3.98     -0.45     1.46   -0.13  63.76       -15.23   99.53              3.20   3.27
10L   FUT every2      -1.16      -3.36      0.84     2.00   -0.11  40.07       -12.67   99.53              6.84   3.27
10L   FUT every5      -2.35      -4.47     -0.69     1.66   -0.17  73.42       -16.13   99.53              4.55   3.27
10L   FUT  exact       1.26      -1.39      4.51     3.25    0.12  39.78       -12.16  100.00             21.58   3.76
10L   FUT   none      -6.38      -8.38     -5.19     1.19   -0.26 132.91       -31.80   99.53              2.00   3.27
10L   FUT  round       2.08      -0.18      4.35     2.27    0.21  26.63        -9.70   99.53              8.98   3.27
10L   SYN  band1      -1.43      -6.18      1.55     2.99   -0.14  53.88        -8.45   99.53              8.64   3.27
10L   SYN  band2      -0.65      -4.35      1.56     2.21   -0.05  59.31       -15.15   99.53              4.38   3.27
10L   SYN every2      -0.57      -6.51      3.21     3.78   -0.06  40.17       -10.42   99.53             11.73   3.27
10L   SYN every5      -1.55      -6.31      1.36     2.91   -0.12  72.78       -13.63   99.53              7.09   3.27
10L   SYN  exact       0.54      -7.61      6.99     6.46    0.06  43.82       -10.01  100.00             41.14   3.76
10L   SYN  round       2.25      -4.63      6.74     4.50    0.27  26.01        -7.62   99.53             15.95   3.27
25L   FUT  band1       0.69      -1.75      2.78     2.08    0.07  41.61       -12.37  100.00             10.34   8.90
25L   FUT  band2      -1.20      -3.59      0.68     1.87   -0.11  54.55       -12.44  100.00              6.84   8.90
25L   FUT every2      -1.34      -3.76      0.67     2.01   -0.11  50.91       -13.87  100.00              9.21   8.90
25L   FUT every5      -2.38      -4.72     -0.69     1.69   -0.16  77.66       -17.05  100.00              5.57   8.90
25L   FUT  exact       1.92      -0.74      4.51     2.59    0.18  37.56       -12.13  100.00             21.57   9.41
25L   FUT   none      -5.49      -7.68     -4.25     1.24   -0.21 138.20       -31.80  100.00              2.00   8.90
25L   FUT  round       1.78      -0.71      4.07     2.29    0.17  35.09       -12.16  100.00             13.66   8.90
25L   SYN  band1       1.21      -5.52      5.20     3.99    0.13  40.67       -11.88  100.00             18.64   8.90
25L   SYN  band2      -0.27      -6.23      3.17     3.44   -0.03  50.51       -10.10  100.00             11.69   8.90
25L   SYN every2      -0.82      -7.35      3.01     3.84   -0.08  51.99       -11.67  100.00             16.45   8.90
25L   SYN every5      -1.86      -7.11      1.14     3.00   -0.13  78.46       -12.71  100.00              9.13   8.90
25L   SYN  exact       1.79      -6.36      6.99     5.20    0.19  39.24        -9.90  100.00             41.14   9.41
25L   SYN  round       1.88      -5.78      6.49     4.62    0.21  35.68        -9.85  100.00             25.36   8.90
50L   FUT  band1       1.80      -0.76      3.96     2.16    0.17  38.53       -11.83  100.00             13.79  18.33
50L   FUT  band2       2.01      -0.51      4.07     2.05    0.19  41.00       -11.79  100.00             10.49  18.33
50L   FUT every2      -1.13      -3.63      0.85     1.98   -0.09  54.60       -15.08  100.00             10.38  18.33
50L   FUT every5      -2.08      -4.49     -0.39     1.68   -0.14  78.23       -17.93  100.00              5.90  18.33
50L   FUT  exact       2.14      -0.52      4.51     2.37    0.20  36.81       -12.12  100.00             21.57  18.82
50L   FUT   none      -5.80      -8.06     -4.54     1.26   -0.21 142.58       -32.86  100.00              2.00  18.33
50L   FUT  round       2.13      -0.45      4.38     2.26    0.20  36.75       -11.81  100.00             16.71  18.33
50L   SYN  band1       1.90      -5.63      6.20     4.30    0.21  38.96        -9.80  100.00             25.57  18.33
50L   SYN  band2       2.00      -5.03      5.97     3.96    0.22  43.23       -10.10  100.00             19.00  18.33
50L   SYN every2      -0.64      -7.36      3.15     3.79   -0.06  55.67       -12.54  100.00             18.69  18.33
50L   SYN every5      -1.25      -6.63      1.74     2.99   -0.09  77.47       -13.16  100.00              9.80  18.33
50L   SYN  exact       2.21      -5.94      6.99     4.79    0.24  37.71        -9.86  100.00             41.14  18.82
50L   SYN  round       2.17      -5.79      6.75     4.58    0.24  37.82        -9.43  100.00             31.41  18.33
1Cr   FUT  band1       2.36      -0.24      4.54     2.18    0.22  35.71       -11.97  100.00             16.60  37.14
1Cr   FUT  band2       2.34      -0.25      4.47     2.13    0.22  35.78       -12.01  100.00             13.88  37.14
1Cr   FUT every2      -1.15      -3.69      0.82     1.96   -0.09  53.10       -14.86  100.00             11.22  37.14
1Cr   FUT every5      -2.42      -4.87     -0.74     1.68   -0.16  80.08       -17.76  100.00              6.15  37.14
1Cr   FUT  exact       2.25      -0.41      4.51     2.26    0.21  36.44       -12.11  100.00             21.57  37.64
1Cr   FUT   none      -5.94      -8.24     -4.68     1.26   -0.22 145.04       -32.86  100.00              2.00  37.14
1Cr   FUT  round       2.33      -0.29      4.54     2.21    0.22  35.81       -11.99  100.00             18.67  37.14
1Cr   SYN  band1       2.55      -5.30      6.92     4.37    0.28  36.21       -10.11  100.00             31.11  37.14
1Cr   SYN  band2       2.53      -5.11      6.76     4.23    0.28  36.04       -10.07  100.00             25.83  37.14
1Cr   SYN every2      -0.62      -7.43      3.14     3.76   -0.06  54.39       -12.09  100.00             20.49  37.14
1Cr   SYN every5      -1.58      -7.03      1.41     2.98   -0.11  78.82       -13.25  100.00             10.31  37.14
1Cr   SYN  exact       2.42      -5.73      6.99     4.58    0.26  36.94        -9.84  100.00             41.14  37.64
1Cr   SYN  round       2.44      -5.60      6.93     4.49    0.27  36.54       -10.18  100.00             35.32  37.14
5Cr   FUT  band1       2.35      -0.30      4.51     2.16    0.22  35.90       -12.09  100.00             20.33 187.67
5Cr   FUT  band2       2.36      -0.28      4.52     2.16    0.22  35.96       -12.05  100.00             19.21 187.67
5Cr   FUT every2      -1.14      -3.71      0.80     1.94   -0.09  53.88       -15.01  100.00             11.87 187.67
5Cr   FUT every5      -2.26      -4.74     -0.59     1.67   -0.14  79.31       -17.89  100.00              6.27 187.67
5Cr   FUT  exact       2.34      -0.32      4.51     2.17    0.22  36.14       -12.11  100.00             21.57 188.18
5Cr   FUT   none      -5.93      -8.26     -4.66     1.27   -0.22 145.65       -33.07  100.00              2.00 187.67
5Cr   FUT  round       2.34      -0.30      4.51     2.17    0.22  35.90       -12.09  100.00             20.87 187.67
5Cr   SYN  band1       2.60      -5.51      6.99     4.39    0.28  36.18        -9.83  100.00             38.50 187.67
5Cr   SYN  band2       2.59      -5.50      6.96     4.37    0.28  36.39        -9.80  100.00             36.37 187.67
5Cr   SYN every2      -0.51      -7.39      3.20     3.71   -0.05  54.54       -12.44  100.00             21.76 187.67
5Cr   SYN every5      -1.47      -6.99      1.50     2.98   -0.10  78.88       -13.27  100.00             10.55 187.67
5Cr   SYN  exact       2.58      -5.57      6.99     4.41    0.28  36.36        -9.83  100.00             41.14 188.18
5Cr   SYN  round       2.58      -5.54      6.97     4.40    0.28  36.26        -9.83  100.00             39.78 187.67

====================================================================================================
nearclose S0 | 2018-2026  (% of capital per year; excess = without collateral interest)
====================================================================================================
cap instr   rule  excess_yr  stress_yr  gross_yr  cost_yr  sharpe  maxdd  worst_month  traded  trades_per_cycle  lots
10L   FUT  band1      -7.74      -8.56     -6.89     0.85   -0.48  77.56       -33.03   72.86              2.14  1.10
10L   FUT  band2     -10.36     -11.17     -9.53     0.83   -0.59  98.70       -33.03   72.86              2.01  1.10
10L   FUT every2      -0.76      -1.70      0.48     1.24   -0.07  32.20       -24.36   72.86              3.88  1.10
10L   FUT every5      -0.71      -1.60      0.38     1.09   -0.06  39.20       -14.54   72.86              3.18  1.10
10L   FUT  exact       5.32       3.71      8.71     3.39    0.50  23.12       -15.22  100.00             21.64  1.26
10L   FUT   none     -10.39     -11.21     -9.57     0.82   -0.56  99.03       -33.03   72.86              2.00  1.10
10L   FUT  round       2.48       1.50      3.84     1.36    0.27  19.96       -11.74   72.86              4.45  1.10
10L   SYN  band1      -7.84      -8.81     -6.89     0.96   -0.48  78.48       -33.03   72.86              2.27  1.10
10L   SYN  band2     -10.39     -11.23     -9.53     0.86   -0.59  98.96       -33.03   72.86              2.03  1.10
10L   SYN every2      -1.60      -3.89      0.64     2.25   -0.15  32.81       -24.69   72.86              5.80  1.10
10L   SYN every5      -1.13      -2.99      0.70     1.83   -0.10  42.16       -14.76   72.86              4.37  1.10
10L   SYN  exact       3.44      -0.72      9.58     6.13    0.34  24.55       -15.47  100.00             41.28  1.26
10L   SYN  round       1.81      -0.80      4.40     2.59    0.21  20.64       -11.93   72.86              6.95  1.10
25L   FUT  band1      -0.58      -1.78      0.83     1.41   -0.05  30.12       -17.97  100.00              4.14  2.67
25L   FUT  band2      -3.50      -4.66     -2.25     1.25   -0.24  48.71       -17.97  100.00              2.75  2.67
25L   FUT every2       3.94       2.64      5.69     1.74    0.34  35.17       -27.49  100.00              6.03  2.67
25L   FUT every5       1.46       0.23      2.95     1.49    0.12  35.93       -18.35  100.00              4.24  2.67
25L   FUT  exact       6.06       4.44      8.71     2.65    0.57  22.58       -15.16  100.00             21.64  3.15
25L   FUT   none     -13.12     -14.22    -12.04     1.08   -0.56 128.98       -46.03  100.00              2.00  2.67
25L   FUT  round       4.52       3.17      6.48     1.95    0.47  18.55       -14.41  100.00              7.69  2.67
25L   SYN  band1      -1.04      -3.27      1.14     2.18   -0.09  30.93       -17.97  100.00              6.30  2.67
25L   SYN  band2      -4.04      -5.87     -2.28     1.76   -0.28  49.84       -17.97  100.00              3.52  2.67
25L   SYN every2       3.39       0.33      6.37     2.98    0.30  36.25       -27.86  100.00             10.04  2.67
25L   SYN every5       0.92      -1.64      3.39     2.47    0.08  38.30       -19.44  100.00              6.50  2.67
25L   SYN  exact       4.84       0.69      9.58     4.73    0.48  23.53       -15.36  100.00             41.28  3.15
25L   SYN  round       3.77       0.25      7.28     3.51    0.41  19.08       -14.58  100.00             13.37  2.67
50L   FUT  band1       3.73       2.34      5.47     1.75    0.34  24.13       -14.34  100.00              7.48  5.78
50L   FUT  band2       0.76      -0.56      2.31     1.55    0.06  28.50       -15.55  100.00              4.52  5.78
50L   FUT every2       3.49       2.08      5.36     1.86    0.28  41.32       -28.71  100.00              8.25  5.78
50L   FUT every5       1.41       0.08      3.01     1.60    0.11  32.65       -16.95  100.00              5.22  5.78
50L   FUT  exact       6.30       4.69      8.71     2.41    0.59  22.40       -15.14  100.00             21.64  6.31
50L   FUT   none     -13.41     -14.61    -12.26     1.15   -0.54 135.46       -49.36  100.00              2.00  5.78
50L   FUT  round       5.80       4.32      7.90     2.10    0.57  22.14       -14.75  100.00             11.73  5.78
50L   SYN  band1       3.00      -0.06      5.92     2.93    0.28  25.69       -14.47  100.00             12.97  5.78
50L   SYN  band2       0.22      -2.40      2.69     2.48    0.02  30.03       -15.55  100.00              7.08  5.78
50L   SYN every2       2.81      -0.53      6.00     3.19    0.23  42.55       -29.09  100.00             14.51  5.78
50L   SYN every5       0.86      -1.92      3.48     2.62    0.07  34.39       -17.92  100.00              8.45  5.78
50L   SYN  exact       5.31       1.15      9.58     4.26    0.52  23.19       -15.33  100.00             41.28  6.31
50L   SYN  round       4.87       1.03      8.63     3.75    0.50  22.83       -14.92  100.00             21.55  5.78
1Cr   FUT  band1       5.22       3.71      7.23     2.01    0.49  21.96       -15.36  100.00             11.80 12.11
1Cr   FUT  band2       4.06       2.60      5.90     1.84    0.37  22.01       -15.01  100.00              7.81 12.11
1Cr   FUT every2       3.76       2.28      5.67     1.91    0.30  41.47       -29.82  100.00             10.01 12.11
1Cr   FUT every5       2.00       0.60      3.64     1.64    0.15  34.73       -18.30  100.00              5.83 12.11
1Cr   FUT  exact       6.43       4.81      8.71     2.29    0.60  22.31       -15.13  100.00             21.64 12.61
1Cr   FUT   none     -13.55     -14.81    -12.36     1.19   -0.52 137.07       -49.30  100.00              2.00 12.11
1Cr   FUT  round       6.08       4.53      8.25     2.16    0.58  21.06       -15.26  100.00             15.44 12.11
1Cr   SYN  band1       4.52       0.85      7.98     3.46    0.45  22.86       -15.51  100.00             21.67 12.11
1Cr   SYN  band2       3.64       0.34      6.72     3.08    0.34  22.75       -15.16  100.00             13.65 12.11
1Cr   SYN every2       3.15      -0.32      6.41     3.25    0.26  42.46       -30.21  100.00             18.04 12.11
1Cr   SYN every5       1.43      -1.45      4.12     2.69    0.11  36.55       -19.28  100.00              9.63 12.11
1Cr   SYN  exact       5.54       1.39      9.58     4.03    0.55  23.01       -15.31  100.00             41.28 12.61
1Cr   SYN  round       5.15       1.12      9.00     3.84    0.52  22.08       -15.43  100.00             28.95 12.11
5Cr   FUT  band1       6.33       4.73      8.49     2.16    0.59  22.13       -15.14  100.00             18.80 62.57
5Cr   FUT  band2       6.26       4.66      8.38     2.13    0.59  22.80       -15.14  100.00             16.50 62.57
5Cr   FUT every2       3.97       2.44      5.90     1.93    0.31  42.06       -29.75  100.00             11.67 62.57
5Cr   FUT every5       1.97       0.53      3.65     1.67    0.14  36.80       -19.45  100.00              6.22 62.57
5Cr   FUT  exact       6.52       4.91      8.71     2.19    0.61  22.24       -15.12  100.00             21.64 63.06
5Cr   FUT   none     -13.86     -15.15    -12.63     1.23   -0.52 141.67       -50.61  100.00              2.00 62.57
5Cr   FUT  round       6.41       4.81      8.58     2.17    0.60  22.17       -15.18  100.00             19.98 62.57
5Cr   SYN  band1       5.62       1.53      9.40     3.78    0.56  22.87       -15.23  100.00             35.56 62.57
5Cr   SYN  band2       5.67       1.64      9.39     3.71    0.56  22.87       -15.22  100.00             30.91 62.57
5Cr   SYN every2       3.41      -0.15      6.67     3.26    0.27  42.74       -30.13  100.00             21.28 62.57
5Cr   SYN every5       1.40      -1.58      4.13     2.73    0.10  38.41       -20.55  100.00             10.45 62.57
5Cr   SYN  exact       5.73       1.57      9.58     3.84    0.57  22.88       -15.29  100.00             41.28 63.06
5Cr   SYN  round       5.72       1.59      9.52     3.81    0.57  22.66       -15.27  100.00             37.90 62.57

====================================================================================================
nearclose S1 | 2008-2017  (% of capital per year; excess = without collateral interest)
====================================================================================================
cap instr   rule  excess_yr  stress_yr  gross_yr  cost_yr  sharpe  maxdd  worst_month  traded  trades_per_cycle   lots
10L   FUT  band1      -3.20      -5.33     -0.38     2.82   -0.28  60.96       -13.51   99.53              5.32   3.27
10L   FUT  band2      -2.75      -4.83     -0.45     2.31   -0.19  67.46       -15.25   99.53              3.20   3.27
10L   FUT every2      -2.52      -4.73      0.84     3.37   -0.23  48.61       -12.81   99.53              6.84   3.27
10L   FUT every5      -3.40      -5.53     -0.69     2.71   -0.24  80.65       -16.27   99.53              4.55   3.27
10L   FUT  exact      -0.65      -3.31      4.51     5.16   -0.06  47.77       -12.33  100.00             21.58   3.76
10L   FUT   none      -6.92      -8.91     -5.19     1.73   -0.29 136.12       -31.89   99.53              2.00   3.27
10L   FUT  round       0.48      -1.78      4.35     3.87    0.05  32.45        -9.86   99.53              8.98   3.27
10L   SYN  band1      -2.62      -7.36      1.55     4.17   -0.25  61.53        -8.61   99.53              8.64   3.27
10L   SYN  band2      -1.59      -5.29      1.56     3.15   -0.12  63.27       -15.20   99.53              4.38   3.27
10L   SYN every2      -2.04      -7.98      3.21     5.25   -0.21  48.47       -10.70   99.53             11.73   3.27
10L   SYN every5      -2.74      -7.50      1.36     4.10   -0.21  80.25       -13.88   99.53              7.09   3.27
10L   SYN  exact      -1.47      -9.62      6.99     8.47   -0.16  54.83       -10.35  100.00             41.14   3.76
10L   SYN  round       0.55      -6.33      6.74     6.19    0.07  32.28        -7.89   99.53             15.95   3.27
25L   FUT  band1      -0.88      -3.32      2.78     3.65   -0.08  47.54       -12.52  100.00             10.34   8.90
25L   FUT  band2      -2.57      -4.96      0.68     3.24   -0.23  62.80       -12.59  100.00              6.84   8.90
25L   FUT every2      -2.84      -5.27      0.67     3.51   -0.24  59.45       -14.02  100.00              9.21   8.90
25L   FUT every5      -3.54      -5.88     -0.69     2.86   -0.24  86.81       -17.21  100.00              5.57   8.90
25L   FUT  exact       0.01      -2.65      4.51     4.50    0.00  44.30       -12.30  100.00             21.57   9.41
25L   FUT   none      -6.08      -8.27     -4.25     1.83   -0.23 142.07       -31.90  100.00              2.00   8.90
25L   FUT  round       0.01      -2.49      4.07     4.07    0.00  41.92       -12.33  100.00             13.66   8.90
25L   SYN  band1      -0.45      -7.18      5.20     5.65   -0.05  46.95       -12.21  100.00             18.64   8.90
25L   SYN  band2      -1.75      -7.72      3.17     4.92   -0.18  58.95       -10.39  100.00             11.69   8.90
25L   SYN every2      -2.44      -8.97      3.01     5.46   -0.23  61.04       -11.86  100.00             16.45   8.90
25L   SYN every5      -3.18      -8.42      1.14     4.32   -0.22  86.79       -12.97  100.00              9.13   8.90
25L   SYN  exact      -0.22      -8.37      6.99     7.21   -0.02  47.82       -10.23  100.00             41.14   9.41
25L   SYN  round      -0.01      -7.66      6.49     6.50   -0.00  43.68       -10.18  100.00             25.36   8.90
50L   FUT  band1       0.04      -2.51      3.96     3.92    0.00  44.81       -12.00  100.00             13.79  18.33
50L   FUT  band2       0.37      -2.15      4.07     3.70    0.03  47.01       -11.94  100.00             10.49  18.33
50L   FUT every2      -2.68      -5.19      0.85     3.54   -0.22  63.38       -15.23  100.00             10.38  18.33
50L   FUT every5      -3.28      -5.69     -0.39     2.88   -0.21  87.60       -18.08  100.00              5.90  18.33
50L   FUT  exact       0.23      -2.43      4.51     4.28    0.02  43.50       -12.29  100.00             21.57  18.82
50L   FUT   none      -6.41      -8.68     -4.54     1.87   -0.24 146.54       -32.96  100.00              2.00  18.33
50L   FUT  round       0.28      -2.30      4.38     4.11    0.03  43.21       -11.98  100.00             16.71  18.33
50L   SYN  band1       0.05      -7.48      6.20     6.15    0.00  46.53       -10.13  100.00             25.57  18.33
50L   SYN  band2       0.27      -6.77      5.97     5.70    0.03  49.81       -10.41  100.00             19.00  18.33
50L   SYN every2      -2.31      -9.03      3.15     5.46   -0.21  64.95       -12.74  100.00             18.69  18.33
50L   SYN every5      -2.60      -7.98      1.74     4.34   -0.18  86.00       -13.42  100.00              9.80  18.33
50L   SYN  exact       0.20      -7.95      6.99     6.79    0.02  45.49       -10.20  100.00             41.14  18.82
50L   SYN  round       0.21      -7.75      6.75     6.54    0.02  46.39        -9.76  100.00             31.41  18.33
1Cr   FUT  band1       0.52      -2.09      4.54     4.02    0.05  42.18       -12.14  100.00             16.60  37.14
1Cr   FUT  band2       0.56      -2.03      4.47     3.91    0.05  42.12       -12.18  100.00             13.88  37.14
1Cr   FUT every2      -2.73      -5.27      0.82     3.54   -0.22  61.95       -15.02  100.00             11.22  37.14
1Cr   FUT every5      -3.64      -6.09     -0.74     2.90   -0.23  89.58       -17.92  100.00              6.15  37.14
1Cr   FUT  exact       0.34      -2.32      4.51     4.17    0.03  43.10       -12.29  100.00             21.57  37.64
1Cr   FUT   none      -6.56      -8.86     -4.68     1.88   -0.24 149.04       -32.96  100.00              2.00  37.14
1Cr   FUT  round       0.45      -2.17      4.54     4.10    0.04  42.34       -12.16  100.00             18.67  37.14
1Cr   SYN  band1       0.62      -7.24      6.92     6.31    0.07  43.59       -10.44  100.00             31.11  37.14
1Cr   SYN  band2       0.65      -7.00      6.76     6.11    0.07  43.17       -10.40  100.00             25.83  37.14
1Cr   SYN every2      -2.31      -9.12      3.14     5.45   -0.21  63.76       -12.30  100.00             20.49  37.14
1Cr   SYN every5      -2.95      -8.40      1.41     4.35   -0.20  87.46       -13.52  100.00             10.31  37.14
1Cr   SYN  exact       0.41      -7.74      6.99     6.59    0.04  44.65       -10.18  100.00             41.14  37.64
1Cr   SYN  round       0.46      -7.58      6.93     6.47    0.05  44.16       -10.53  100.00             35.32  37.14
5Cr   FUT  band1       0.45      -2.20      4.51     4.07    0.04  42.51       -12.26  100.00             20.33 187.67
5Cr   FUT  band2       0.46      -2.18      4.52     4.06    0.04  42.54       -12.22  100.00             19.21 187.67
5Cr   FUT every2      -2.74      -5.31      0.80     3.54   -0.22  62.83       -15.16  100.00             11.87 187.67
5Cr   FUT every5      -3.50      -5.98     -0.59     2.91   -0.22  88.90       -18.04  100.00              6.27 187.67
5Cr   FUT  exact       0.42      -2.23      4.51     4.08    0.04  42.78       -12.28  100.00             21.57 188.18
5Cr   FUT   none      -6.56      -8.89     -4.66     1.90   -0.24 149.70       -33.17  100.00              2.00 187.67
5Cr   FUT  round       0.44      -2.21      4.51     4.07    0.04  42.53       -12.26  100.00             20.87 187.67
5Cr   SYN  band1       0.60      -7.51      6.99     6.39    0.07  43.82       -10.17  100.00             38.50 187.67
5Cr   SYN  band2       0.59      -7.49      6.96     6.37    0.06  43.99       -10.13  100.00             36.37 187.67
5Cr   SYN every2      -2.22      -9.10      3.20     5.42   -0.20  63.99       -12.65  100.00             21.76 187.67
5Cr   SYN every5      -2.86      -8.38      1.50     4.36   -0.19  87.61       -13.54  100.00             10.55 187.67
5Cr   SYN  exact       0.58      -7.57      6.99     6.42    0.06  44.04       -10.16  100.00             41.14 188.18
5Cr   SYN  round       0.58      -7.55      6.97     6.40    0.06  43.90       -10.17  100.00             39.78 187.67

====================================================================================================
nearclose S1 | 2018-2026  (% of capital per year; excess = without collateral interest)
====================================================================================================
cap instr   rule  excess_yr  stress_yr  gross_yr  cost_yr  sharpe  maxdd  worst_month  traded  trades_per_cycle  lots
10L   FUT  band1      -8.10      -8.93     -6.89     1.22   -0.50  79.38       -33.16   72.86              2.14  1.10
10L   FUT  band2     -10.69     -11.50     -9.53     1.16   -0.61 100.25       -33.16   72.86              2.01  1.10
10L   FUT every2      -1.60      -2.54      0.48     2.08   -0.15  32.64       -24.52   72.86              3.88  1.10
10L   FUT every5      -1.37      -2.27      0.38     1.75   -0.12  41.47       -14.63   72.86              3.18  1.10
10L   FUT  exact       3.53       1.91      8.71     5.18    0.33  24.72       -15.46  100.00             21.64  1.26
10L   FUT   none     -10.72     -11.54     -9.57     1.15   -0.58 100.55       -33.16   72.86              2.00  1.10
10L   FUT  round       1.49       0.51      3.84     2.36    0.16  20.41       -11.93   72.86              4.45  1.10
10L   SYN  band1      -8.22      -9.19     -6.89     1.34   -0.51  80.43       -33.16   72.86              2.27  1.10
10L   SYN  band2     -10.73     -11.57     -9.53     1.20   -0.61 100.60       -33.16   72.86              2.03  1.10
10L   SYN every2      -2.46      -4.75      0.64     3.11   -0.23  37.61       -24.90   72.86              5.80  1.10
10L   SYN every5      -1.83      -3.69      0.70     2.53   -0.17  45.26       -14.90   72.86              4.37  1.10
10L   SYN  exact       1.79      -2.37      9.58     7.79    0.18  26.02       -15.70  100.00             41.28  1.26
10L   SYN  round       0.82      -1.79      4.40     3.58    0.09  22.48       -12.11   72.86              6.95  1.10
25L   FUT  band1      -1.45      -2.66      0.83     2.28   -0.12  30.88       -17.97  100.00              4.14  2.67
25L   FUT  band2      -4.19      -5.35     -2.25     1.94   -0.29  50.69       -17.97  100.00              2.75  2.67
25L   FUT every2       2.69       1.40      5.69     2.99    0.23  36.31       -27.70  100.00              6.03  2.67
25L   FUT every5       0.50      -0.73      2.95     2.45    0.04  38.36       -18.45  100.00              4.24  2.67
25L   FUT  exact       4.26       2.65      8.71     4.45    0.40  24.18       -15.40  100.00             21.64  3.15
25L   FUT   none     -13.58     -14.68    -12.04     1.54   -0.57 132.91       -46.22  100.00              2.00  2.67
25L   FUT  round       3.04       1.68      6.48     3.44    0.31  19.87       -14.62  100.00              7.69  2.67
25L   SYN  band1      -1.93      -4.15      1.14     3.07   -0.16  31.62       -17.97  100.00              6.30  2.67
25L   SYN  band2      -4.77      -6.59     -2.28     2.48   -0.33  55.72       -17.97  100.00              3.52  2.67
25L   SYN every2       2.19      -0.86      6.37     4.18    0.20  37.49       -28.11  100.00             10.04  2.67
25L   SYN every5      -0.07      -2.63      3.39     3.46   -0.01  41.29       -19.64  100.00              6.50  2.67
25L   SYN  exact       3.19      -0.97      9.58     6.39    0.31  25.00       -15.59  100.00             41.28  3.15
25L   SYN  round       2.38      -1.14      7.28     4.90    0.26  20.35       -14.78  100.00             13.37  2.67
50L   FUT  band1       2.47       1.08      5.47     3.00    0.23  25.35       -14.56  100.00              7.48  5.78
50L   FUT  band2      -0.27      -1.60      2.31     2.58   -0.02  29.38       -15.56  100.00              4.52  5.78
50L   FUT every2       2.13       0.71      5.36     3.23    0.17  42.65       -28.93  100.00              8.25  5.78
50L   FUT every5       0.35      -0.98      3.01     2.65    0.03  34.52       -17.06  100.00              5.22  5.78
50L   FUT  exact       4.51       2.89      8.71     4.21    0.42  24.00       -15.39  100.00             21.64  6.31
50L   FUT   none     -13.92     -15.11    -12.26     1.65   -0.56 139.69       -49.56  100.00              2.00  5.78
50L   FUT  round       4.16       2.68      7.90     3.74    0.41  23.58       -14.99  100.00             11.73  5.78
50L   SYN  band1       1.78      -1.27      5.92     4.14    0.17  26.66       -14.67  100.00             12.97  5.78
50L   SYN  band2      -0.82      -3.44      2.69     3.51   -0.07  30.83       -15.57  100.00              7.08  5.78
50L   SYN every2       1.49      -1.84      6.00     4.50    0.12  43.89       -29.36  100.00             14.51  5.78
50L   SYN every5      -0.23      -3.00      3.48     3.71   -0.02  38.79       -18.13  100.00              8.45  5.78
50L   SYN  exact       3.65      -0.50      9.58     5.92    0.36  24.65       -15.55  100.00             41.28  6.31
50L   SYN  round       3.35      -0.50      8.63     5.28    0.34  24.25       -15.14  100.00             21.55  5.78
1Cr   FUT  band1       3.66       2.14      7.23     3.58    0.35  23.43       -15.60  100.00             11.80 12.11
1Cr   FUT  band2       2.69       1.22      5.90     3.21    0.24  23.35       -15.24  100.00              7.81 12.11
1Cr   FUT every2       2.33       0.85      5.67     3.34    0.18  42.82       -30.04  100.00             10.01 12.11
1Cr   FUT every5       0.90      -0.50      3.64     2.75    0.07  35.59       -18.41  100.00              5.83 12.11
1Cr   FUT  exact       4.63       3.01      8.71     4.08    0.43  23.91       -15.38  100.00             21.64 12.61
1Cr   FUT   none     -14.08     -15.33    -12.36     1.72   -0.54 141.06       -49.50  100.00              2.00 12.11
1Cr   FUT  round       4.36       2.80      8.25     3.89    0.42  22.62       -15.50  100.00             15.44 12.11
1Cr   SYN  band1       3.06      -0.61      7.98     4.92    0.30  24.19       -15.73  100.00             21.67 12.11
1Cr   SYN  band2       2.33      -0.97      6.72     4.39    0.22  23.97       -15.37  100.00             13.65 12.11
1Cr   SYN every2       1.78      -1.69      6.41     4.62    0.15  43.83       -30.48  100.00             18.04 12.11
1Cr   SYN every5       0.30      -2.59      4.12     3.82    0.02  37.93       -19.50  100.00              9.63 12.11
1Cr   SYN  exact       3.89      -0.27      9.58     5.69    0.38  24.48       -15.54  100.00             41.28 12.61
1Cr   SYN  round       3.55      -0.49      9.00     5.45    0.36  23.51       -15.65  100.00             28.95 12.11
5Cr   FUT  band1       4.56       2.96      8.49     3.93    0.43  23.72       -15.38  100.00             18.80 62.57
5Cr   FUT  band2       4.52       2.92      8.38     3.87    0.42  24.37       -15.38  100.00             16.50 62.57
5Cr   FUT every2       2.49       0.96      5.90     3.41    0.19  43.45       -29.97  100.00             11.67 62.57
5Cr   FUT every5       0.83      -0.62      3.65     2.82    0.06  37.68       -19.57  100.00              6.22 62.57
5Cr   FUT  exact       4.73       3.11      8.71     3.98    0.44  23.84       -15.37  100.00             21.64 63.06
5Cr   FUT   none     -14.40     -15.70    -12.63     1.77   -0.54 144.80       -50.81  100.00              2.00 62.57
5Cr   FUT  round       4.63       3.03      8.58     3.95    0.43  23.76       -15.42  100.00             19.98 62.57
5Cr   SYN  band1       3.99      -0.11      9.40     5.41    0.39  24.32       -15.46  100.00             35.56 62.57
5Cr   SYN  band2       4.06       0.03      9.39     5.32    0.40  24.31       -15.45  100.00             30.91 62.57
5Cr   SYN every2       2.00      -1.56      6.67     4.67    0.16  44.12       -30.40  100.00             21.28 62.57
5Cr   SYN every5       0.23      -2.75      4.13     3.90    0.02  40.39       -20.77  100.00             10.45 62.57
5Cr   SYN  exact       4.07      -0.08      9.58     5.50    0.40  24.35       -15.52  100.00             41.28 63.06
5Cr   SYN  round       4.07      -0.05      9.52     5.45    0.40  24.11       -15.50  100.00             37.90 62.57

====================================================================================================
nearclose S2 | 2008-2017  (% of capital per year; excess = without collateral interest)
====================================================================================================
cap instr   rule  excess_yr  stress_yr  gross_yr  cost_yr  sharpe  maxdd  worst_month  traded  trades_per_cycle   lots
10L   FUT  band1      -4.55      -6.68     -0.38     4.17   -0.40  70.33       -13.68   99.53              5.32   3.27
10L   FUT  band2      -3.75      -5.82     -0.45     3.30   -0.26  72.10       -15.27   99.53              3.20   3.27
10L   FUT every2      -4.31      -6.51      0.84     5.15   -0.39  61.45       -12.96   99.53              6.84   3.27
10L   FUT every5      -4.72      -6.84     -0.69     4.03   -0.34  90.93       -16.43   99.53              4.55   3.27
10L   FUT  exact      -3.20      -5.86      4.51     7.71   -0.30  62.17       -12.53  100.00             21.58   3.76
10L   FUT   none      -7.46      -9.45     -5.19     2.26   -0.31 139.65       -31.98   99.53              2.00   3.27
10L   FUT  round      -1.66      -3.92      4.35     6.01   -0.17  42.56       -10.03   99.53              8.98   3.27
10L   SYN  band1      -3.80      -8.55      1.55     5.36   -0.36  69.19        -8.85   99.53              8.64   3.27
10L   SYN  band2      -2.52      -6.22      1.56     4.09   -0.18  67.35       -15.25   99.53              4.38   3.27
10L   SYN every2      -3.52      -9.45      3.21     6.73   -0.36  56.77       -10.97   99.53             11.73   3.27
10L   SYN every5      -3.93      -8.69      1.36     5.29   -0.30  87.72       -14.14   99.53              7.09   3.27
10L   SYN  exact      -3.48     -11.63      6.99    10.47   -0.38  65.91       -10.68  100.00             41.14   3.76
10L   SYN  round      -1.14      -8.03      6.74     7.89   -0.13  40.41        -8.15   99.53             15.95   3.27
25L   FUT  band1      -2.93      -5.37      2.78     5.71   -0.28  57.59       -12.70  100.00             10.34   8.90
25L   FUT  band2      -4.33      -6.72      0.68     5.00   -0.39  73.57       -12.77  100.00              6.84   8.90
25L   FUT every2      -4.81      -7.23      0.67     5.48   -0.41  71.71       -14.19  100.00              9.21   8.90
25L   FUT every5      -5.00      -7.34     -0.69     4.31   -0.33  98.26       -17.38  100.00              5.57   8.90
25L   FUT  exact      -2.54      -5.20      4.51     7.05   -0.24  58.49       -12.50  100.00             21.57   9.41
25L   FUT   none      -6.67      -8.86     -4.25     2.42   -0.25 145.94       -32.00  100.00              2.00   8.90
25L   FUT  round      -2.37      -4.86      4.07     6.44   -0.23  55.76       -12.52  100.00             13.66   8.90
25L   SYN  band1      -2.11      -8.85      5.20     7.32   -0.23  54.75       -12.54  100.00             18.64   8.90
25L   SYN  band2      -3.23      -9.20      3.17     6.40   -0.32  67.39       -10.68  100.00             11.69   8.90
25L   SYN every2      -4.06     -10.59      3.01     7.08   -0.39  70.10       -12.05  100.00             16.45   8.90
25L   SYN every5      -4.49      -9.74      1.14     5.64   -0.32  95.11       -13.23  100.00              9.13   8.90
25L   SYN  exact      -2.23     -10.38      6.99     9.22   -0.24  58.90       -10.57  100.00             41.14   9.41
25L   SYN  round      -1.89      -9.54      6.49     8.38   -0.21  54.21       -10.51  100.00             25.36   8.90
50L   FUT  band1      -2.28      -4.84      3.96     6.25   -0.22  57.57       -12.19  100.00             13.79  18.33
50L   FUT  band2      -1.79      -4.31      4.07     5.86   -0.17  55.11       -12.12  100.00             10.49  18.33
50L   FUT every2      -4.71      -7.21      0.85     5.56   -0.39  76.56       -15.41  100.00             10.38  18.33
50L   FUT every5      -4.77      -7.19     -0.39     4.38   -0.31  99.32       -18.25  100.00              5.90  18.33
50L   FUT  exact      -2.33      -4.98      4.51     6.84   -0.22  57.27       -12.49  100.00             21.57  18.82
50L   FUT   none      -7.02      -9.29     -4.54     2.48   -0.26 150.50       -33.06  100.00              2.00  18.33
50L   FUT  round      -2.20      -4.78      4.38     6.58   -0.21  57.28       -12.18  100.00             16.71  18.33
50L   SYN  band1      -1.81      -9.34      6.20     8.01   -0.20  56.91       -10.45  100.00             25.57  18.33
50L   SYN  band2      -1.47      -8.51      5.97     7.44   -0.16  56.38       -10.73  100.00             19.00  18.33
50L   SYN every2      -3.98     -10.69      3.15     7.13   -0.37  74.22       -12.95  100.00             18.69  18.33
50L   SYN every5      -3.95      -9.33      1.74     5.69   -0.27  94.54       -13.69  100.00              9.80  18.33
50L   SYN  exact      -1.81      -9.96      6.99     8.80   -0.20  56.56       -10.53  100.00             41.14  18.82
50L   SYN  round      -1.75      -9.71      6.75     8.50   -0.19  57.28       -10.09  100.00             31.41  18.33
1Cr   FUT  band1      -1.93      -4.54      4.54     6.47   -0.18  55.11       -12.33  100.00             16.60  37.14
1Cr   FUT  band2      -1.81      -4.40      4.47     6.27   -0.17  54.46       -12.38  100.00             13.88  37.14
1Cr   FUT every2      -4.79      -7.33      0.82     5.60   -0.39  74.88       -15.20  100.00             11.22  37.14
1Cr   FUT every5      -5.17      -7.62     -0.74     4.42   -0.33 101.45       -18.09  100.00              6.15  37.14
1Cr   FUT  exact      -2.22      -4.87      4.51     6.73   -0.21  56.66       -12.49  100.00             21.57  37.64
1Cr   FUT   none      -7.18      -9.48     -4.68     2.50   -0.26 153.05       -33.06  100.00              2.00  37.14
1Cr   FUT  round      -2.06      -4.68      4.54     6.61   -0.19  55.24       -12.36  100.00             18.67  37.14
1Cr   SYN  band1      -1.32      -9.18      6.92     8.25   -0.14  54.35       -10.78  100.00             31.11  37.14
1Cr   SYN  band2      -1.24      -8.88      6.76     8.00   -0.13  53.57       -10.73  100.00             25.83  37.14
1Cr   SYN every2      -4.00     -10.81      3.14     7.14   -0.37  73.12       -12.50  100.00             20.49  37.14
1Cr   SYN every5      -4.32      -9.77      1.41     5.72   -0.29  96.09       -13.79  100.00             10.31  37.14
1Cr   SYN  exact      -1.60      -9.75      6.99     8.59   -0.17  55.40       -10.51  100.00             41.14  37.64
1Cr   SYN  round      -1.52      -9.56      6.93     8.45   -0.17  54.68       -10.87  100.00             35.32  37.14
5Cr   FUT  band1      -2.09      -4.74      4.51     6.61   -0.20  55.80       -12.46  100.00             20.33 187.67
5Cr   FUT  band2      -2.07      -4.72      4.52     6.59   -0.19  55.82       -12.42  100.00             19.21 187.67
5Cr   FUT every2      -4.82      -7.40      0.80     5.63   -0.39  75.81       -15.34  100.00             11.87 187.67
5Cr   FUT every5      -5.04      -7.52     -0.59     4.45   -0.32 100.88       -18.22  100.00              6.27 187.67
5Cr   FUT  exact      -2.13      -4.78      4.51     6.64   -0.20  56.17       -12.48  100.00             21.57 188.18
5Cr   FUT   none      -7.19      -9.52     -4.66     2.53   -0.26 153.74       -33.27  100.00              2.00 187.67
5Cr   FUT  round      -2.11      -4.75      4.51     6.62   -0.20  55.79       -12.46  100.00             20.87 187.67
5Cr   SYN  band1      -1.40      -9.51      6.99     8.39   -0.15  54.26       -10.50  100.00             38.50 187.67
5Cr   SYN  band2      -1.40      -9.49      6.96     8.36   -0.15  54.37       -10.47  100.00             36.37 187.67
5Cr   SYN every2      -3.93     -10.81      3.20     7.13   -0.36  73.44       -12.86  100.00             21.76 187.67
5Cr   SYN every5      -4.25      -9.77      1.50     5.75   -0.29  96.34       -13.81  100.00             10.55 187.67
5Cr   SYN  exact      -1.43      -9.58      6.99     8.43   -0.16  54.46       -10.50  100.00             41.14 188.18
5Cr   SYN  round      -1.42      -9.55      6.97     8.40   -0.15  54.30       -10.50  100.00             39.78 187.67

====================================================================================================
nearclose S2 | 2018-2026  (% of capital per year; excess = without collateral interest)
====================================================================================================
cap instr   rule  excess_yr  stress_yr  gross_yr  cost_yr  sharpe  maxdd  worst_month  traded  trades_per_cycle  lots
10L   FUT  band1      -8.49      -9.31     -6.89     1.60   -0.52  81.37       -33.29   72.86              2.14  1.10
10L   FUT  band2     -11.03     -11.84     -9.53     1.50   -0.63 102.21       -33.29   72.86              2.01  1.10
10L   FUT every2      -2.70      -3.64      0.48     3.18   -0.25  38.58       -24.73   72.86              3.88  1.10
10L   FUT every5      -2.20      -3.09      0.38     2.58   -0.20  46.03       -14.76   72.86              3.18  1.10
10L   FUT  exact       1.11      -0.51      8.71     7.60    0.10  26.85       -15.80  100.00             21.64  1.26
10L   FUT   none     -11.05     -11.87     -9.57     1.48   -0.60 102.46       -33.29   72.86              2.00  1.10
10L   FUT  round       0.16      -0.82      3.84     3.68    0.02  22.56       -12.21   72.86              4.45  1.10
10L   SYN  band1      -8.60      -9.57     -6.89     1.72   -0.53  82.37       -33.29   72.86              2.27  1.10
10L   SYN  band2     -11.07     -11.91     -9.53     1.54   -0.63 102.61       -33.29   72.86              2.03  1.10
10L   SYN every2      -3.33      -5.61      0.64     3.97   -0.32  43.78       -25.11   72.86              5.80  1.10
10L   SYN every5      -2.54      -4.40      0.70     3.24   -0.23  49.07       -15.05   72.86              4.37  1.10
10L   SYN  exact       0.13      -4.03      9.58     9.45    0.01  27.70       -15.93  100.00             41.28  1.26
10L   SYN  round      -0.17      -2.78      4.40     4.57   -0.02  24.44       -12.30   72.86              6.95  1.10
25L   FUT  band1      -2.54      -3.74      0.83     3.37   -0.21  31.87       -17.97  100.00              4.14  2.67
25L   FUT  band2      -5.00      -6.16     -2.25     2.75   -0.35  57.64       -17.97  100.00              2.75  2.67
25L   FUT every2       1.05      -0.24      5.69     4.63    0.09  37.90       -27.98  100.00              6.03  2.67
25L   FUT every5      -0.71      -1.93      2.95     3.66   -0.06  41.78       -18.57  100.00              4.24  2.67
25L   FUT  exact       1.84       0.23      8.71     6.87    0.17  26.31       -15.75  100.00             21.64  3.15
25L   FUT   none     -14.04     -15.14    -12.04     2.00   -0.59 136.83       -46.40  100.00              2.00  2.67
25L   FUT  round       1.04      -0.31      6.48     5.44    0.11  21.72       -14.92  100.00              7.69  2.67
25L   SYN  band1      -2.81      -5.04      1.14     3.95   -0.23  33.65       -17.97  100.00              6.30  2.67
25L   SYN  band2      -5.49      -7.32     -2.28     3.21   -0.38  61.96       -17.97  100.00              3.52  2.67
25L   SYN every2       1.00      -2.06      6.37     5.37    0.09  38.72       -28.37  100.00             10.04  2.67
25L   SYN every5      -1.07      -3.63      3.39     4.46   -0.09  44.49       -19.84  100.00              6.50  2.67
25L   SYN  exact       1.53      -2.63      9.58     8.05    0.15  26.46       -15.82  100.00             41.28  3.15
25L   SYN  round       0.99      -2.54      7.28     6.29    0.11  22.14       -14.99  100.00             13.37  2.67
50L   FUT  band1       0.83      -0.55      5.47     4.64    0.08  27.04       -14.87  100.00              7.48  5.78
50L   FUT  band2      -1.57      -2.90      2.31     3.89   -0.13  30.56       -15.58  100.00              4.52  5.78
50L   FUT every2       0.33      -1.08      5.36     5.03    0.03  44.38       -29.23  100.00              8.25  5.78
50L   FUT every5      -0.98      -2.31      3.01     3.98   -0.07  40.95       -17.19  100.00              5.22  5.78
50L   FUT  exact       2.09       0.47      8.71     6.62    0.19  26.13       -15.73  100.00             21.64  6.31
50L   FUT   none     -14.42     -15.61    -12.26     2.15   -0.58 143.92       -49.76  100.00              2.00  5.78
50L   FUT  round       1.96       0.48      7.90     5.94    0.19  25.55       -15.34  100.00             11.73  5.78
50L   SYN  band1       0.57      -2.49      5.92     5.35    0.05  27.63       -14.88  100.00             12.97  5.78
50L   SYN  band2      -1.86      -4.48      2.69     4.55   -0.16  31.64       -15.58  100.00              7.08  5.78
50L   SYN every2       0.18      -3.15      6.00     5.82    0.01  45.24       -29.62  100.00             14.51  5.78
50L   SYN every5      -1.31      -4.09      3.48     4.79   -0.10  44.06       -18.33  100.00              8.45  5.78
50L   SYN  exact       2.00      -2.16      9.58     7.58    0.20  26.12       -15.78  100.00             41.28  6.31
50L   SYN  round       1.82      -2.03      8.63     6.81    0.19  25.67       -15.37  100.00             21.55  5.78
1Cr   FUT  band1       1.57       0.05      7.23     5.67    0.15  25.37       -15.93  100.00             11.80 12.11
1Cr   FUT  band2       0.89      -0.58      5.90     5.02    0.08  25.12       -15.55  100.00              7.81 12.11
1Cr   FUT every2       0.44      -1.04      5.67     5.22    0.03  44.59       -30.34  100.00             10.01 12.11
1Cr   FUT every5      -0.50      -1.90      3.64     4.14   -0.04  40.52       -18.56  100.00              5.83 12.11
1Cr   FUT  exact       2.21       0.60      8.71     6.50    0.21  26.04       -15.72  100.00             21.64 12.61
1Cr   FUT   none     -14.60     -15.86    -12.36     2.25   -0.57 145.50       -49.70  100.00              2.00 12.11
1Cr   FUT  round       2.03       0.48      8.25     6.21    0.19  24.68       -15.83  100.00             15.44 12.11
1Cr   SYN  band1       1.60      -2.07      7.98     6.38    0.16  25.51       -15.95  100.00             21.67 12.11
1Cr   SYN  band2       1.02      -2.28      6.72     5.70    0.10  25.20       -15.58  100.00             13.65 12.11
1Cr   SYN every2       0.42      -3.06      6.41     5.99    0.03  45.19       -30.75  100.00             18.04 12.11
1Cr   SYN every5      -0.83      -3.72      4.12     4.95   -0.06  43.43       -19.72  100.00              9.63 12.11
1Cr   SYN  exact       2.23      -1.93      9.58     7.35    0.22  25.95       -15.76  100.00             41.28 12.61
1Cr   SYN  round       1.94      -2.09      9.00     7.05    0.20  25.61       -15.88  100.00             28.95 12.11
5Cr   FUT  band1       2.18       0.58      8.49     6.31    0.20  25.83       -15.72  100.00             18.80 62.57
5Cr   FUT  band2       2.18       0.59      8.38     6.21    0.20  26.47       -15.72  100.00             16.50 62.57
5Cr   FUT every2       0.54      -0.99      5.90     5.36    0.04  45.27       -30.28  100.00             11.67 62.57
5Cr   FUT every5      -0.62      -2.06      3.65     4.26   -0.04  42.58       -19.72  100.00              6.22 62.57
5Cr   FUT  exact       2.31       0.69      8.71     6.40    0.21  25.97       -15.71  100.00             21.64 63.06
5Cr   FUT   none     -14.95     -16.24    -12.63     2.31   -0.56 149.38       -51.02  100.00              2.00 62.57
5Cr   FUT  round       2.24       0.63      8.58     6.35    0.21  25.88       -15.76  100.00             19.98 62.57
5Cr   SYN  band1       2.36      -1.74      9.40     7.04    0.23  25.77       -15.68  100.00             35.56 62.57
5Cr   SYN  band2       2.46      -1.58      9.39     6.93    0.24  25.76       -15.67  100.00             30.91 62.57
5Cr   SYN every2       0.59      -2.97      6.67     6.08    0.05  45.50       -30.68  100.00             21.28 62.57
5Cr   SYN every5      -0.94      -3.92      4.13     5.07   -0.07  46.07       -21.00  100.00             10.45 62.57
5Cr   SYN  exact       2.42      -1.74      9.58     7.16    0.24  25.81       -15.75  100.00             41.28 63.06
5Cr   SYN  round       2.43      -1.69      9.52     7.09    0.24  25.57       -15.73  100.00             37.90 62.57

====================================================================================================
nextday+ S0 | 2008-2017  (% of capital per year; excess = without collateral interest)
====================================================================================================
cap instr   rule  excess_yr  stress_yr  gross_yr  cost_yr  sharpe  maxdd  worst_month  traded  trades_per_cycle   lots
10L   FUT  band1      -4.80      -6.94     -3.07     1.73   -0.38  79.49       -12.06   98.60              5.31   3.27
10L   FUT  band2      -3.71      -5.79     -2.25     1.46   -0.24  81.28       -15.11   98.60              3.19   3.27
10L   FUT every2      -4.20      -6.41     -2.20     2.00   -0.35  66.72       -13.88   98.60              6.83   3.27
10L   FUT every5      -7.21      -9.34     -5.55     1.66   -0.48 109.93       -15.01   98.60              4.54   3.27
10L   FUT  exact      -3.70      -6.36     -0.46     3.23   -0.29  73.22       -13.42   99.07             21.54   3.76
10L   FUT   none      -6.24      -8.24     -5.05     1.19   -0.26 128.56       -31.99   98.60              2.00   3.27
10L   FUT  round      -3.05      -5.32     -0.79     2.27   -0.27  56.41       -13.01   98.60              8.98   3.27
10L   SYN  band1      -7.78     -12.37     -4.91     2.87   -0.56  94.15       -31.99   98.60              8.21   3.27
10L   SYN  band2      -5.66      -9.27     -3.50     2.15   -0.34  87.84       -31.99   98.60              4.23   3.27
10L   SYN every2      -6.87     -12.42     -3.35     3.52   -0.51  85.84       -31.99   98.60             10.92   3.27
10L   SYN every5     -11.12     -15.53     -8.42     2.70   -0.66 137.44       -31.99   98.60              6.58   3.27
10L   SYN  exact      -8.43     -16.07     -2.47     5.97   -0.60 109.05       -33.34   99.07             37.29   3.76
10L   SYN  round      -7.02     -13.49     -2.80     4.22   -0.55  87.59       -31.99   98.60             15.01   3.27
25L   FUT  band1      -3.70      -6.15     -1.62     2.08   -0.30  65.21       -12.71   99.07             10.33   8.89
25L   FUT  band2      -4.63      -7.03     -2.75     1.87   -0.36  78.43       -12.57   99.07              6.84   8.89
25L   FUT every2      -4.17      -6.60     -2.16     2.00   -0.32  75.87       -12.31   99.07              9.21   8.89
25L   FUT every5      -7.39      -9.74     -5.71     1.69   -0.45 118.92       -15.33   99.07              5.57   8.89
25L   FUT  exact      -3.05      -5.71     -0.46     2.58   -0.24  68.81       -13.38   99.07             21.54   9.40
25L   FUT   none      -5.14      -7.34     -3.90     1.24   -0.20 131.82       -32.00   99.07              2.00   8.89
25L   FUT  round      -2.71      -5.21     -0.43     2.28   -0.23  62.32       -12.45   99.07             13.65   8.89
25L   SYN  band1      -7.38     -13.81     -3.59     3.80   -0.54  93.33       -32.00   99.07             17.61   8.89
25L   SYN  band2      -7.55     -13.27     -4.25     3.29   -0.53  94.68       -32.00   99.07             11.08   8.89
25L   SYN every2      -6.23     -12.30     -2.66     3.57   -0.43  89.35       -32.00   99.07             15.29   8.89
25L   SYN every5     -11.53     -16.37     -8.75     2.77   -0.63 147.97       -32.00   99.07              8.50   8.89
25L   SYN  exact      -7.31     -14.94     -2.47     4.84   -0.52 101.33       -33.34   99.07             37.29   9.40
25L   SYN  round      -7.01     -14.18     -2.69     4.32   -0.52  94.78       -32.00   99.07             23.64   8.89
50L   FUT  band1      -2.85      -5.41     -0.69     2.16   -0.23  66.87       -13.39   99.07             13.78  18.31
50L   FUT  band2      -3.20      -5.74     -1.15     2.05   -0.26  64.85       -12.85   99.07             10.48  18.31
50L   FUT every2      -3.95      -6.46     -1.97     1.98   -0.30  80.79       -13.14   99.07             10.37  18.31
50L   FUT every5      -7.49      -9.92     -5.81     1.69   -0.45 121.57       -16.24   99.07              5.90  18.31
50L   FUT  exact      -2.83      -5.50     -0.46     2.37   -0.23  67.35       -13.37   99.07             21.54  18.81
50L   FUT   none      -5.45      -7.73     -4.19     1.26   -0.20 135.72       -33.06   99.07              2.00  18.31
50L   FUT  round      -2.84      -5.43     -0.59     2.25   -0.23  68.60       -13.40   99.07             16.70  18.31
50L   SYN  band1      -6.78     -13.87     -2.74     4.04   -0.49  96.56       -33.06   99.07             23.78  18.31
50L   SYN  band2      -7.19     -13.88     -3.43     3.76   -0.51  97.09       -33.06   99.07             17.85  18.31
50L   SYN every2      -5.99     -12.23     -2.47     3.52   -0.40  93.35       -33.06   99.07             17.26  18.31
50L   SYN every5     -11.64     -16.62     -8.87     2.77   -0.62 151.03       -33.06   99.07              9.08  18.31
50L   SYN  exact      -6.93     -14.56     -2.47     4.46   -0.49  98.76       -33.34   99.07             37.29  18.81
50L   SYN  round      -6.92     -14.35     -2.64     4.27   -0.50  98.58       -33.06   99.07             29.00  18.31
1Cr   FUT  band1      -2.63      -5.25     -0.45     2.17   -0.21  65.14       -13.20   99.07             16.58  37.12
1Cr   FUT  band2      -2.72      -5.32     -0.60     2.12   -0.22  65.91       -13.36   99.07             13.87  37.12
1Cr   FUT every2      -4.11      -6.66     -2.15     1.96   -0.31  80.24       -13.03   99.07             11.21  37.12
1Cr   FUT every5      -7.76     -10.22     -6.08     1.68   -0.46 123.26       -16.04   99.07              6.15  37.12
1Cr   FUT  exact      -2.72      -5.39     -0.46     2.26   -0.22  66.62       -13.37   99.07             21.54  37.62
1Cr   FUT   none      -5.58      -7.90     -4.32     1.27   -0.21 137.88       -33.06   99.07              2.00  37.12
1Cr   FUT  round      -2.79      -5.42     -0.58     2.21   -0.22  66.10       -13.24   99.07             18.66  37.12
1Cr   SYN  band1      -6.60     -13.98     -2.50     4.10   -0.47  95.57       -33.06   99.07             28.77  37.12
1Cr   SYN  band2      -6.56     -13.76     -2.58     3.98   -0.47  96.52       -33.06   99.07             24.02  37.12
1Cr   SYN every2      -6.10     -12.44     -2.60     3.49   -0.40  93.10       -33.06   99.07             18.81  37.12
1Cr   SYN every5     -11.93     -16.99     -9.16     2.77   -0.63 152.30       -33.06   99.07              9.56  37.12
1Cr   SYN  exact      -6.75     -14.38     -2.47     4.28   -0.48  97.47       -33.34   99.07             37.29  37.62
1Cr   SYN  round      -6.77     -14.30     -2.58     4.20   -0.49  96.83       -33.06   99.07             32.44  37.12
5Cr   FUT  band1      -2.63      -5.29     -0.47     2.16   -0.21  65.79       -13.33   99.07             20.32 187.58
5Cr   FUT  band2      -2.63      -5.28     -0.47     2.16   -0.21  65.83       -13.31   99.07             19.20 187.58
5Cr   FUT every2      -4.02      -6.60     -2.08     1.94   -0.30  80.65       -13.12   99.07             11.86 187.58
5Cr   FUT every5      -7.70     -10.19     -6.02     1.68   -0.45 123.39       -16.14   99.07              6.27 187.58
5Cr   FUT  exact      -2.64      -5.30     -0.46     2.17   -0.21  66.03       -13.36   99.07             21.54 188.09
5Cr   FUT   none      -5.58      -7.92     -4.30     1.28   -0.20 138.30       -33.27   99.07              2.00 187.58
5Cr   FUT  round      -2.63      -5.29     -0.46     2.16   -0.21  65.78       -13.33   99.07             20.85 187.58
5Cr   SYN  band1      -6.57     -14.17     -2.46     4.11   -0.47  96.11       -33.27   99.07             35.15 187.58
5Cr   SYN  band2      -6.54     -14.13     -2.45     4.10   -0.46  95.85       -33.27   99.07             33.37 187.58
5Cr   SYN every2      -5.92     -12.33     -2.47     3.46   -0.39  92.81       -33.27   99.07             19.87 187.58
5Cr   SYN every5     -11.84     -16.96     -9.08     2.76   -0.62 152.61       -33.27   99.07              9.78 187.58
5Cr   SYN  exact      -6.60     -14.23     -2.47     4.13   -0.47  96.44       -33.34   99.07             37.29 188.09
5Cr   SYN  round      -6.58     -14.19     -2.47     4.11   -0.47  96.18       -33.27   99.07             36.15 187.58

====================================================================================================
nextday+ S0 | 2018-2026  (% of capital per year; excess = without collateral interest)
====================================================================================================
cap instr   rule  excess_yr  stress_yr  gross_yr  cost_yr  sharpe  maxdd  worst_month  traded  trades_per_cycle  lots
10L   FUT  band1      -8.76      -9.59     -7.90     0.86   -0.53  84.61       -32.69   72.86              2.14  1.10
10L   FUT  band2     -10.37     -11.19     -9.54     0.83   -0.59  96.96       -32.69   72.86              2.01  1.10
10L   FUT every2      -0.65      -1.59      0.59     1.24   -0.06  26.09       -19.12   72.86              3.85  1.10
10L   FUT every5      -2.33      -3.23     -1.24     1.09   -0.20  52.32       -14.26   72.86              3.16  1.10
10L   FUT  exact       0.80      -0.82      4.16     3.37    0.07  29.55       -21.99  100.00             21.34  1.26
10L   FUT   none     -10.25     -11.07     -9.42     0.83   -0.56  95.86       -32.69   72.86              2.00  1.10
10L   FUT  round       0.53      -0.45      1.89     1.36    0.06  23.30       -18.44   72.86              4.41  1.10
10L   SYN  band1      -8.78      -9.78     -7.81     0.98   -0.53  84.76       -32.69   72.86              2.27  1.10
10L   SYN  band2     -10.35     -11.20     -9.48     0.87   -0.59  96.70       -32.69   72.86              2.03  1.10
10L   SYN every2      -3.49      -5.72     -1.28     2.22   -0.32  44.55       -19.30   72.86              5.70  1.10
10L   SYN every5      -3.59      -5.40     -1.78     1.81   -0.31  63.51       -13.12   72.86              4.27  1.10
10L   SYN  exact      -0.96      -5.09      5.02     5.99   -0.08  33.13       -23.22  100.00             39.22  1.26
10L   SYN  round      -1.03      -3.62      1.54     2.57   -0.11  29.92       -18.84   72.86              6.85  1.10
25L   FUT  band1      -1.53      -2.74     -0.12     1.41   -0.12  33.86       -18.73  100.00              4.11  2.67
25L   FUT  band2      -5.10      -6.26     -3.84     1.26   -0.34  58.16       -19.41  100.00              2.74  2.67
25L   FUT every2       3.04       1.74      4.78     1.74    0.26  24.95       -21.04  100.00              5.96  2.67
25L   FUT every5      -0.42      -1.65      1.07     1.49   -0.03  49.98       -19.59  100.00              4.21  2.67
25L   FUT  exact       1.52      -0.10      4.16     2.64    0.13  29.01       -21.93  100.00             21.34  3.15
25L   FUT   none     -13.12     -14.23    -12.03     1.09   -0.56 128.39       -45.54  100.00              2.00  2.67
25L   FUT  round       2.87       1.51      4.82     1.95    0.27  23.88       -19.89  100.00              7.59  2.67
25L   SYN  band1      -1.03      -3.29      1.18     2.21   -0.08  33.87       -19.81  100.00              6.28  2.67
25L   SYN  band2      -4.94      -6.80     -3.15     1.79   -0.33  56.74       -19.51  100.00              3.50  2.67
25L   SYN every2       0.85      -2.15      3.79     2.94    0.07  33.84       -21.88  100.00              9.82  2.67
25L   SYN every5      -0.88      -3.34      1.50     2.38   -0.07  52.59       -17.77  100.00              6.29  2.67
25L   SYN  exact       0.37      -3.76      5.02     4.66    0.03  32.02       -23.12  100.00             39.22  3.15
25L   SYN  round       1.78      -1.74      5.27     3.49    0.17  26.54       -20.93  100.00             13.22  2.67
50L   FUT  band1       0.33      -1.06      2.08     1.74    0.03  31.57       -21.50  100.00              7.40  5.78
50L   FUT  band2      -2.26      -3.59     -0.71     1.55   -0.18  34.51       -19.79  100.00              4.49  5.78
50L   FUT every2       2.04       0.63      3.91     1.86    0.16  30.56       -22.59  100.00              8.16  5.78
50L   FUT every5      -1.12      -2.46      0.47     1.60   -0.08  49.53       -19.02  100.00              5.17  5.78
50L   FUT  exact       1.76       0.15      4.16     2.40    0.15  28.83       -21.91  100.00             21.34  6.31
50L   FUT   none     -13.50     -14.70    -12.34     1.16   -0.54 135.37       -48.88  100.00              2.00  5.78
50L   FUT  round       1.56       0.07      3.65     2.10    0.14  28.61       -21.28  100.00             11.59  5.78
50L   SYN  band1       0.02      -3.05      2.96     2.94    0.00  33.19       -22.64  100.00             12.89  5.78
50L   SYN  band2      -1.55      -4.20      0.96     2.50   -0.12  34.19       -20.83  100.00              7.05  5.78
50L   SYN every2      -0.16      -3.41      2.96     3.12   -0.01  43.32       -23.44  100.00             14.11  5.78
50L   SYN every5      -1.69      -4.37      0.85     2.54   -0.12  53.50       -16.54  100.00              8.13  5.78
50L   SYN  exact       0.81      -3.32      5.02     4.21    0.07  31.71       -23.08  100.00             39.22  6.31
50L   SYN  round       0.63      -3.20      4.36     3.73    0.06  32.76       -22.47  100.00             21.23  5.78
1Cr   FUT  band1       1.06      -0.46      3.06     2.01    0.09  28.16       -21.88  100.00             11.65 12.11
1Cr   FUT  band2       1.05      -0.42      2.89     1.84    0.09  27.87       -21.44  100.00              7.72 12.11
1Cr   FUT every2       2.55       1.06      4.45     1.91    0.20  30.42       -22.96  100.00              9.88 12.11
1Cr   FUT every5      -0.46      -1.86      1.18     1.64   -0.03  47.36       -19.66  100.00              5.77 12.11
1Cr   FUT  exact       1.88       0.27      4.16     2.28    0.16  28.75       -21.90  100.00             21.34 12.61
1Cr   FUT   none     -13.67     -14.93    -12.46     1.20   -0.53 136.74       -48.79  100.00              2.00 12.11
1Cr   FUT  round       1.54      -0.01      3.70     2.16    0.13  27.83       -21.82  100.00             15.24 12.11
1Cr   SYN  band1       0.32      -3.36      3.79     3.47    0.03  31.06       -23.04  100.00             21.29 12.11
1Cr   SYN  band2       1.27      -2.05      4.36     3.09    0.11  29.59       -22.60  100.00             13.52 12.11
1Cr   SYN every2       0.25      -3.13      3.43     3.18    0.02  42.35       -23.84  100.00             17.36 12.11
1Cr   SYN every5      -0.95      -3.73      1.66     2.61   -0.07  50.55       -17.95  100.00              9.21 12.11
1Cr   SYN  exact       1.03      -3.10      5.02     3.99    0.09  31.56       -23.06  100.00             39.22 12.61
1Cr   SYN  round       0.58      -3.42      4.39     3.81    0.05  30.57       -22.98  100.00             28.24 12.11
5Cr   FUT  band1       1.85       0.25      4.00     2.15    0.15  28.88       -21.99  100.00             18.51 62.57
5Cr   FUT  band2       1.82       0.23      3.95     2.12    0.15  29.55       -22.04  100.00             16.26 62.57
5Cr   FUT every2       2.84       1.31      4.77     1.93    0.21  31.00       -23.20  100.00             11.52 62.57
5Cr   FUT every5      -0.47      -1.91      1.21     1.67   -0.03  49.54       -20.92  100.00              6.16 62.57
5Cr   FUT  exact       1.98       0.36      4.16     2.18    0.16  28.67       -21.89  100.00             21.34 63.06
5Cr   FUT   none     -13.99     -15.29    -12.76     1.23   -0.53 140.42       -50.09  100.00              2.00 62.57
5Cr   FUT  round       1.92       0.31      4.08     2.16    0.16  28.72       -21.89  100.00             19.70 62.57
5Cr   SYN  band1       1.09      -2.99      4.84     3.76    0.09  31.36       -23.09  100.00             34.32 62.57
5Cr   SYN  band2       1.18      -2.84      4.87     3.70    0.10  31.39       -23.13  100.00             30.05 62.57
5Cr   SYN every2       0.46      -3.02      3.66     3.20    0.03  42.60       -24.04  100.00             20.28 62.57
5Cr   SYN every5      -0.97      -3.84      1.68     2.65   -0.07  53.21       -18.91  100.00              9.99 62.57
5Cr   SYN  exact       1.21      -2.92      5.02     3.81    0.10  31.44       -23.05  100.00             39.22 63.06
5Cr   SYN  round       1.14      -2.95      4.92     3.78    0.10  31.18       -23.03  100.00             36.44 62.57

====================================================================================================
SELECTION (fixed: 'don't trade' unless the best 2008-17 Sharpe is > 0) -> 2018-2026
====================================================================================================
  nearclose S0   10L : best 2008-17 SYN round Sharpe +0.27 excess +2.25% -> SYN round; that rule 2018-26 excess +1.81%, stress -0.80%, Sharpe +0.21, maxDD 20.6%, traded 73%
  nearclose S0   25L : best 2008-17 SYN round Sharpe +0.21 excess +1.88% -> SYN round; that rule 2018-26 excess +3.77%, stress +0.25%, Sharpe +0.41, maxDD 19.1%, traded 100%
  nearclose S0   50L : best 2008-17 SYN round Sharpe +0.24 excess +2.17% -> SYN round; that rule 2018-26 excess +4.87%, stress +1.03%, Sharpe +0.50, maxDD 22.8%, traded 100%
  nearclose S0   1Cr : best 2008-17 SYN band1 Sharpe +0.28 excess +2.55% -> SYN band1; that rule 2018-26 excess +4.52%, stress +0.85%, Sharpe +0.45, maxDD 22.9%, traded 100%
  nearclose S0   5Cr : best 2008-17 SYN band1 Sharpe +0.28 excess +2.60% -> SYN band1; that rule 2018-26 excess +5.62%, stress +1.53%, Sharpe +0.56, maxDD 22.9%, traded 100%
  nearclose S1   10L : best 2008-17 SYN round Sharpe +0.07 excess +0.55% -> SYN round; that rule 2018-26 excess +0.82%, stress -1.79%, Sharpe +0.09, maxDD 22.5%, traded 73%
  nearclose S1   25L : best 2008-17 FUT round Sharpe +0.00 excess +0.01% -> FUT round; that rule 2018-26 excess +3.04%, stress +1.68%, Sharpe +0.31, maxDD 19.9%, traded 100%
  nearclose S1   50L : best 2008-17 FUT band2 Sharpe +0.03 excess +0.37% -> FUT band2; that rule 2018-26 excess -0.27%, stress -1.60%, Sharpe -0.02, maxDD 29.4%, traded 100%
  nearclose S1   1Cr : best 2008-17 SYN band2 Sharpe +0.07 excess +0.65% -> SYN band2; that rule 2018-26 excess +2.33%, stress -0.97%, Sharpe +0.22, maxDD 24.0%, traded 100%
  nearclose S1   5Cr : best 2008-17 SYN band1 Sharpe +0.07 excess +0.60% -> SYN band1; that rule 2018-26 excess +3.99%, stress -0.11%, Sharpe +0.39, maxDD 24.3%, traded 100%
  nearclose S2   10L : best 2008-17 SYN round Sharpe -0.13 excess -1.14% -> DON'T TRADE; that rule 2018-26 excess -0.17%, stress -2.78%, Sharpe -0.02, maxDD 24.4%, traded 73%
  nearclose S2   25L : best 2008-17 SYN round Sharpe -0.21 excess -1.89% -> DON'T TRADE; that rule 2018-26 excess +0.99%, stress -2.54%, Sharpe +0.11, maxDD 22.1%, traded 100%
  nearclose S2   50L : best 2008-17 SYN band2 Sharpe -0.16 excess -1.47% -> DON'T TRADE; that rule 2018-26 excess -1.86%, stress -4.48%, Sharpe -0.16, maxDD 31.6%, traded 100%
  nearclose S2   1Cr : best 2008-17 SYN band2 Sharpe -0.13 excess -1.24% -> DON'T TRADE; that rule 2018-26 excess +1.02%, stress -2.28%, Sharpe +0.10, maxDD 25.2%, traded 100%
  nearclose S2   5Cr : best 2008-17 SYN band1 Sharpe -0.15 excess -1.40% -> DON'T TRADE; that rule 2018-26 excess +2.36%, stress -1.74%, Sharpe +0.23, maxDD 25.8%, traded 100%
  nextday+ S0    10L : best 2008-17 FUT band2 Sharpe -0.24 excess -3.71% -> DON'T TRADE; that rule 2018-26 excess -10.37%, stress -11.19%, Sharpe -0.59, maxDD 97.0%, traded 73%
  nextday+ S0    25L : best 2008-17 FUT none Sharpe -0.20 excess -5.14% -> DON'T TRADE; that rule 2018-26 excess -13.12%, stress -14.23%, Sharpe -0.56, maxDD 128.4%, traded 100%
  nextday+ S0    50L : best 2008-17 FUT none Sharpe -0.20 excess -5.45% -> DON'T TRADE; that rule 2018-26 excess -13.50%, stress -14.70%, Sharpe -0.54, maxDD 135.4%, traded 100%
  nextday+ S0    1Cr : best 2008-17 FUT none Sharpe -0.21 excess -5.58% -> DON'T TRADE; that rule 2018-26 excess -13.67%, stress -14.93%, Sharpe -0.53, maxDD 136.7%, traded 100%
  nextday+ S0    5Cr : best 2008-17 FUT none Sharpe -0.20 excess -5.58% -> DON'T TRADE; that rule 2018-26 excess -13.99%, stress -15.29%, Sharpe -0.53, maxDD 140.4%, traded 100%
