Realistic execution of the frozen engine (92s); rules in the script header

==============================================================================================================
2008-2017 (selection)  (collateral interest alone: +6.45%/yr)
==============================================================================================================
% of capital per year unless noted; excess = strategy P&L without collateral interest
cap instr   rule  excess_yr  stress_yr  with_interest_yr  gross_yr  cost_yr  sharpe  maxdd  worst_month  traded  trades_per_cycle   lots  margin_breach
10L   FUT  band1      -5.45      -7.58              1.00     -3.74     1.71   -0.43  85.49       -12.06   98.60              5.18   3.27            0.0
10L   FUT  band2      -3.90      -5.97              2.55     -2.45     1.45   -0.25  83.47       -15.11   98.60              3.13   3.27            0.0
10L   FUT every2      -4.96      -7.15              1.50     -3.01     1.95   -0.41  74.08       -13.88   98.60              6.61   3.27            0.0
10L   FUT every5      -7.36      -9.49             -0.91     -5.72     1.65   -0.49 111.56       -15.01   98.60              4.49   3.27            0.0
10L   FUT  exact      -4.54      -7.18              1.92     -1.40     3.13   -0.35  78.70       -13.42   99.07             20.55   3.76            0.0
10L   FUT   none      -6.24      -8.24              0.22     -5.05     1.19   -0.26 128.56       -31.99   98.60              2.00   3.27            0.0
10L   FUT  round      -3.88      -6.13              2.58     -1.66     2.22   -0.34  64.16       -13.01   98.60              8.70   3.27            0.0
10L   SYN  band1      -8.53     -13.05             -2.07     -5.70     2.83   -0.61 100.88       -31.99   98.60              7.97   3.27            0.0
10L   SYN  band2      -5.98      -9.55              0.47     -3.86     2.13   -0.35  91.27       -31.99   98.60              4.11   3.27            0.0
10L   SYN every2      -7.79     -13.24             -1.34     -4.34     3.45   -0.56  95.55       -31.99   98.60             10.56   3.27            0.0
10L   SYN every5     -11.24     -15.62             -4.79     -8.56     2.68   -0.66 138.66       -31.99   98.60              6.51   3.27            0.0
10L   SYN  exact      -9.45     -16.95             -3.00     -3.63     5.82   -0.65 115.95       -33.34   99.07             35.89   3.76            0.0
10L   SYN  round      -8.03     -14.40             -1.58     -3.89     4.14   -0.62  97.34       -31.99   98.60             14.50   3.27            0.0
25L   FUT  band1      -4.54      -6.97              1.92     -2.50     2.03   -0.36  71.03       -12.71   99.07             10.00   8.89            0.0
25L   FUT  band2      -5.48      -7.86              0.98     -3.64     1.84   -0.42  85.92       -12.57   99.07              6.64   8.89            0.0
25L   FUT every2      -5.10      -7.52              1.35     -3.14     1.96   -0.38  82.82       -12.31   99.07              8.90   8.89            0.0
25L   FUT every5      -7.51      -9.85             -1.06     -5.83     1.68   -0.46 120.19       -15.33   99.07              5.49   8.89            0.0
25L   FUT  exact      -3.92      -6.56              2.54     -1.40     2.51   -0.30  74.50       -13.39   99.07             20.54   9.40            0.0
25L   FUT   none      -5.14      -7.34              1.32     -3.90     1.24   -0.20 131.82       -32.00   99.07              2.00   8.89            0.0
25L   FUT  round      -3.49      -5.97              2.96     -1.26     2.23   -0.29  67.49       -12.45   99.07             13.15   8.89            0.0
25L   SYN  band1      -8.40     -14.72             -1.95     -4.67     3.73   -0.60 100.43       -32.00   99.07             17.01   8.89            0.0
25L   SYN  band2      -8.54     -14.18             -2.09     -5.30     3.24   -0.59 102.61       -32.00   99.07             10.71   8.89            0.0
25L   SYN every2      -7.33     -13.30             -0.88     -3.84     3.50   -0.49  97.17       -32.00   99.07             14.79   8.89            0.0
25L   SYN every5     -11.62     -16.43             -5.17     -8.87     2.75   -0.64 148.91       -32.00   99.07              8.39   8.89            0.0
25L   SYN  exact      -8.37     -15.86             -1.92     -3.63     4.74   -0.58 108.49       -33.34   99.07             35.89   9.40            0.0
25L   SYN  round      -7.96     -15.01             -1.51     -3.72     4.24   -0.58 101.53       -32.00   99.07             22.81   8.89            0.0
50L   FUT  band1      -3.69      -6.24              2.76     -1.58     2.11   -0.29  72.77       -13.39   99.07             13.29  18.31            0.0
50L   FUT  band2      -4.10      -6.62              2.36     -2.09     2.01   -0.32  72.69       -12.85   99.07             10.10  18.31            0.0
50L   FUT every2      -4.87      -7.36              1.59     -2.93     1.94   -0.36  87.83       -13.14   99.07             10.00  18.31            0.0
50L   FUT every5      -7.62     -10.05             -1.17     -5.95     1.67   -0.45 123.02       -16.24   99.07              5.82  18.31            0.0
50L   FUT  exact      -3.71      -6.36              2.74     -1.40     2.31   -0.29  73.10       -13.38   99.07             20.54  18.81            0.0
50L   FUT   none      -5.45      -7.73              1.00     -4.19     1.26   -0.20 135.72       -33.06   99.07              2.00  18.31            0.0
50L   FUT  round      -3.70      -6.27              2.76     -1.50     2.20   -0.29  74.28       -13.41   99.07             16.08  18.31            0.0
50L   SYN  band1      -7.81     -14.78             -1.36     -3.85     3.97   -0.55 103.97       -33.06   99.07             22.94  18.31            0.0
50L   SYN  band2      -8.27     -14.84             -1.82     -4.58     3.69   -0.58 105.19       -33.06   99.07             17.18  18.31            0.0
50L   SYN every2      -7.11     -13.24             -0.66     -3.66     3.46   -0.46 101.50       -33.06   99.07             16.72  18.31            0.0
50L   SYN every5     -11.75     -16.69             -5.30     -9.01     2.74   -0.63 152.16       -33.06   99.07              8.97  18.31            0.0
50L   SYN  exact      -8.01     -15.50             -1.56     -3.63     4.38   -0.55 106.00       -33.34   99.07             35.89  18.81            0.0
50L   SYN  round      -7.96     -15.26             -1.50     -3.76     4.20   -0.56 105.67       -33.06   99.07             27.98  18.31            0.0
1Cr   FUT  band1      -3.49      -6.09              2.96     -1.37     2.12   -0.27  70.69       -13.20   99.07             15.97  37.12            0.0
1Cr   FUT  band2      -3.64      -6.22              2.81     -1.57     2.07   -0.29  71.89       -13.37   99.07             13.36  37.12            0.0
1Cr   FUT every2      -5.07      -7.61              1.38     -3.16     1.92   -0.37  87.43       -13.03   99.07             10.77  37.12            0.0
1Cr   FUT every5      -7.88     -10.33             -1.42     -6.20     1.67   -0.46 124.54       -16.04   99.07              6.06  37.12            0.0
1Cr   FUT  exact      -3.61      -6.25              2.85     -1.40     2.20   -0.28  72.40       -13.37   99.07             20.54  37.62            0.0
1Cr   FUT   none      -5.58      -7.90              0.87     -4.32     1.27   -0.21 137.88       -33.06   99.07              2.00  37.12            0.0
1Cr   FUT  round      -3.68      -6.29              2.77     -1.53     2.16   -0.29  71.95       -13.24   99.07             17.89  37.12            0.0
1Cr   SYN  band1      -7.68     -14.94             -1.23     -3.65     4.03   -0.54 102.78       -33.06   99.07             27.78  37.12            0.0
1Cr   SYN  band2      -7.66     -14.74             -1.21     -3.76     3.91   -0.53 103.91       -33.06   99.07             23.15  37.12            0.0
1Cr   SYN every2      -7.27     -13.49             -0.81     -3.84     3.43   -0.47 101.35       -33.06   99.07             18.20  37.12            0.0
1Cr   SYN every5     -12.04     -17.06             -5.58     -9.29     2.74   -0.64 153.39       -33.06   99.07              9.44  37.12            0.0
1Cr   SYN  exact      -7.83     -15.32             -1.38     -3.63     4.20   -0.54 104.75       -33.34   99.07             35.89  37.62            0.0
1Cr   SYN  round      -7.87     -15.26             -1.42     -3.75     4.12   -0.55 104.14       -33.06   99.07             31.27  37.12            0.0
5Cr   FUT  band1      -3.51      -6.15              2.94     -1.40     2.11   -0.27  71.61       -13.33   99.07             19.43 187.58            0.0
5Cr   FUT  band2      -3.52      -6.15              2.94     -1.41     2.11   -0.27  71.65       -13.31   99.07             18.38 187.58            0.0
5Cr   FUT every2      -4.98      -7.55              1.47     -3.08     1.90   -0.36  87.85       -13.12   99.07             11.38 187.58            0.0
5Cr   FUT every5      -7.82     -10.30             -1.36     -6.15     1.67   -0.46 124.73       -16.14   99.07              6.18 187.58            0.0
5Cr   FUT  exact      -3.52      -6.17              2.93     -1.40     2.12   -0.27  71.84       -13.37   99.07             20.54 188.09            0.0
5Cr   FUT   none      -5.58      -7.92              0.87     -4.30     1.28   -0.20 138.30       -33.27   99.07              2.00 187.58            0.0
5Cr   FUT  round      -3.51      -6.15              2.94     -1.40     2.11   -0.27  71.59       -13.33   99.07             19.90 187.58            0.0
5Cr   SYN  band1      -7.65     -15.12             -1.20     -3.62     4.03   -0.53 103.43       -33.27   99.07             33.88 187.58            0.0
5Cr   SYN  band2      -7.63     -15.07             -1.18     -3.60     4.02   -0.53 103.14       -33.27   99.07             32.17 187.58            0.0
5Cr   SYN every2      -7.10     -13.39             -0.65     -3.71     3.39   -0.45 101.13       -33.27   99.07             19.22 187.58            0.0
5Cr   SYN every5     -11.95     -17.03             -5.50     -9.21     2.74   -0.63 153.73       -33.27   99.07              9.66 187.58            0.0
5Cr   SYN  exact      -7.68     -15.18             -1.23     -3.63     4.05   -0.53 103.76       -33.34   99.07             35.89 188.09            0.0
5Cr   SYN  round      -7.67     -15.14             -1.21     -3.63     4.04   -0.53 103.49       -33.27   99.07             34.84 187.58            0.0

==============================================================================================================
2018-2026 (judged)  (collateral interest alone: +4.99%/yr)
==============================================================================================================
% of capital per year unless noted; excess = strategy P&L without collateral interest
cap instr   rule  excess_yr  stress_yr  with_interest_yr  gross_yr  cost_yr  sharpe  maxdd  worst_month  traded  trades_per_cycle  lots  margin_breach
10L   FUT  band1      -8.68      -9.51             -3.70     -7.83     0.85   -0.53  83.94       -32.69   72.86              2.13  1.10            0.0
10L   FUT  band2     -10.37     -11.19             -5.39     -9.54     0.83   -0.59  96.96       -32.69   72.86              2.01  1.10            0.0
10L   FUT every2      -0.71      -1.65              4.27      0.50     1.21   -0.07  28.04       -19.12   72.86              3.74  1.10            0.0
10L   FUT every5      -2.30      -3.20              2.68     -1.21     1.09   -0.20  52.32       -14.26   72.86              3.16  1.10            0.0
10L   FUT  exact       1.17      -0.43              6.16      4.43     3.26    0.10  29.36       -21.98  100.00             20.36  1.26            0.0
10L   FUT   none     -10.25     -11.07             -5.26     -9.42     0.83   -0.56  95.86       -32.69   72.86              2.00  1.10            0.0
10L   FUT  round       0.99       0.02              5.98      2.34     1.34    0.11  23.30       -18.44   72.86              4.34  1.10            0.0
10L   SYN  band1      -8.76      -9.75             -3.77     -7.78     0.98   -0.53  84.51       -32.69   72.86              2.26  1.10            0.0
10L   SYN  band2     -10.35     -11.20             -5.36     -9.48     0.87   -0.59  96.70       -32.69   72.86              2.03  1.10            0.0
10L   SYN every2      -3.67      -5.85              1.32     -1.51     2.16   -0.33  47.05       -19.30   72.86              5.46  1.10            0.0
10L   SYN every5      -3.56      -5.37              1.42     -1.75     1.81   -0.31  63.51       -13.12   72.86              4.26  1.10            0.0
10L   SYN  exact      -0.87      -4.93              4.12      4.95     5.82   -0.07  32.77       -23.21  100.00             37.43  1.26            0.0
10L   SYN  round      -0.84      -3.41              4.14      1.71     2.55   -0.09  29.02       -18.84   72.86              6.71  1.10            0.0
25L   FUT  band1      -1.18      -2.39              3.80      0.21     1.39   -0.09  33.77       -18.73  100.00              4.02  2.67            0.0
25L   FUT  band2      -4.71      -5.87              0.28     -3.46     1.25   -0.32  55.12       -19.41  100.00              2.70  2.67            0.0
25L   FUT every2       2.87       1.58              7.85      4.57     1.71    0.24  25.27       -21.04  100.00              5.80  2.67            0.0
25L   FUT every5      -0.39      -1.62              4.59      1.10     1.49   -0.03  49.98       -19.59  100.00              4.20  2.67            0.0
25L   FUT  exact       1.86       0.26              6.85      4.43     2.57    0.15  28.85       -21.92  100.00             20.36  3.15            0.0
25L   FUT   none     -13.12     -14.23             -8.13    -12.03     1.09   -0.56 128.39       -45.54  100.00              2.00  2.67            0.0
25L   FUT  round       3.20       1.85              8.18      5.11     1.91    0.30  23.93       -19.89  100.00              7.40  2.67            0.0
25L   SYN  band1      -0.89      -3.13              4.10      1.30     2.19   -0.07  33.80       -19.81  100.00              6.10  2.67            0.0
25L   SYN  band2      -4.67      -6.51              0.32     -2.90     1.77   -0.31  54.39       -19.51  100.00              3.40  2.67            0.0
25L   SYN every2       0.54      -2.40              5.52      3.41     2.88    0.05  34.78       -21.88  100.00              9.48  2.67            0.0
25L   SYN every5      -0.85      -3.30              4.13      1.53     2.38   -0.06  52.59       -17.77  100.00              6.28  2.67            0.0
25L   SYN  exact       0.40      -3.66              5.39      4.95     4.55    0.03  31.90       -23.11  100.00             37.43  3.15            0.0
25L   SYN  round       1.80      -1.67              6.78      5.23     3.44    0.17  25.95       -20.93  100.00             12.82  2.67            0.0
50L   FUT  band1       0.60      -0.78              5.58      2.31     1.72    0.05  31.38       -21.50  100.00              7.22  5.78            0.0
50L   FUT  band2      -2.06      -3.38              2.93     -0.53     1.53   -0.16  34.36       -19.79  100.00              4.40  5.78            0.0
50L   FUT every2       1.90       0.50              6.89      3.72     1.82    0.15  29.80       -22.54  100.00              7.88  5.78            0.0
50L   FUT every5      -1.10      -2.44              3.89      0.50     1.59   -0.08  49.58       -19.02  100.00              5.16  5.78            0.0
50L   FUT  exact       2.09       0.49              7.08      4.43     2.34    0.17  28.68       -21.90  100.00             20.36  6.31            0.0
50L   FUT   none     -13.50     -14.70             -8.52    -12.34     1.16   -0.54 135.37       -48.88  100.00              2.00  5.78            0.0
50L   FUT  round       1.78       0.31              6.77      3.83     2.05    0.16  28.37       -21.28  100.00             11.22  5.78            0.0
50L   SYN  band1       0.06      -2.97              5.04      2.96     2.90    0.00  33.05       -22.64  100.00             12.52  5.78            0.0
50L   SYN  band2      -1.54      -4.16              3.44      0.93     2.47   -0.12  33.50       -20.83  100.00              6.85  5.78            0.0
50L   SYN every2      -0.50      -3.67              4.48      2.54     3.04   -0.04  42.65       -23.39  100.00             13.55  5.78            0.0
50L   SYN every5      -1.66      -4.34              3.32      0.88     2.54   -0.12  53.53       -16.54  100.00              8.10  5.78            0.0
50L   SYN  exact       0.82      -3.23              5.81      4.95     4.13    0.07  31.61       -23.07  100.00             37.43  6.31            0.0
50L   SYN  round       0.56      -3.20              5.55      4.23     3.66    0.05  32.58       -22.47  100.00             20.48  5.78            0.0
1Cr   FUT  band1       1.37      -0.13              6.36      3.34     1.97    0.12  28.00       -21.88  100.00             11.34 12.11            0.0
1Cr   FUT  band2       1.38      -0.08              6.36      3.17     1.80    0.11  27.68       -21.44  100.00              7.50 12.11            0.0
1Cr   FUT every2       2.45       0.98              7.43      4.31     1.87    0.19  29.71       -22.92  100.00              9.57 12.11            0.0
1Cr   FUT every5      -0.44      -1.84              4.54      1.20     1.64   -0.03  47.48       -19.66  100.00              5.75 12.11            0.0
1Cr   FUT  exact       2.21       0.60              7.19      4.43     2.23    0.18  28.60       -21.90  100.00             20.36 12.61            0.0
1Cr   FUT   none     -13.67     -14.93             -8.68    -12.46     1.20   -0.53 136.74       -48.79  100.00              2.00 12.11            0.0
1Cr   FUT  round       1.86       0.32              6.85      3.97     2.11    0.16  27.68       -21.79  100.00             14.73 12.11            0.0
1Cr   SYN  band1       0.35      -3.27              5.34      3.76     3.41    0.03  30.95       -23.04  100.00             20.63 12.11            0.0
1Cr   SYN  band2       1.32      -1.96              6.30      4.36     3.04    0.11  29.44       -22.60  100.00             13.07 12.11            0.0
1Cr   SYN every2      -0.06      -3.37              4.92      3.04     3.10   -0.00  41.72       -23.81  100.00             16.76 12.11            0.0
1Cr   SYN every5      -0.92      -3.70              4.06      1.68     2.60   -0.06  50.61       -17.95  100.00              9.16 12.11            0.0
1Cr   SYN  exact       1.04      -3.02              6.02      4.95     3.91    0.09  31.46       -23.06  100.00             37.43 12.61            0.0
1Cr   SYN  round       0.59      -3.35              5.57      4.33     3.74    0.05  30.46       -22.95  100.00             27.23 12.11            0.0
5Cr   FUT  band1       2.16       0.57              7.14      4.26     2.10    0.18  28.74       -21.99  100.00             17.80 62.57            0.0
5Cr   FUT  band2       2.13       0.55              7.12      4.20     2.07    0.18  29.42       -22.02  100.00             15.67 62.57            0.0
5Cr   FUT every2       2.74       1.22              7.72      4.62     1.89    0.20  30.27       -23.18  100.00             11.04 62.57            0.0
5Cr   FUT every5      -0.45      -1.90              4.54      1.22     1.67   -0.03  49.64       -20.92  100.00              6.13 62.57            0.0
5Cr   FUT  exact       2.30       0.70              7.28      4.43     2.13    0.19  28.53       -21.89  100.00             20.36 63.06            0.0
5Cr   FUT   none     -13.99     -15.29             -9.01    -12.76     1.23   -0.53 140.42       -50.09  100.00              2.00 62.57            0.0
5Cr   FUT  round       2.22       0.63              7.21      4.34     2.11    0.18  28.57       -21.88  100.00             18.92 62.57            0.0
5Cr   SYN  band1       1.08      -2.93              6.07      4.77     3.69    0.09  31.27       -23.09  100.00             32.98 62.57            0.0
5Cr   SYN  band2       1.17      -2.77              6.16      4.80     3.63    0.10  31.29       -23.12  100.00             28.94 62.57            0.0
5Cr   SYN every2       0.14      -3.26              5.13      3.26     3.12    0.01  41.95       -24.02  100.00             19.47 62.57            0.0
5Cr   SYN every5      -0.94      -3.81              4.04      1.70     2.64   -0.06  53.27       -18.91  100.00              9.92 62.57            0.0
5Cr   SYN  exact       1.21      -2.85              6.19      4.95     3.75    0.10  31.34       -23.04  100.00             37.43 63.06            0.0
5Cr   SYN  round       1.14      -2.89              6.12      4.85     3.71    0.10  31.08       -23.02  100.00             34.99 62.57            0.0

==============================================================================================================
full 2008-2026  (collateral interest alone: +5.76%/yr)
==============================================================================================================
% of capital per year unless noted; excess = strategy P&L without collateral interest
cap instr   rule  excess_yr  stress_yr  with_interest_yr  gross_yr  cost_yr  sharpe  maxdd  worst_month  traded  trades_per_cycle   lots  margin_breach
10L   FUT  band1      -6.96      -8.48             -1.19     -5.65     1.31   -0.48 164.43       -32.69   85.88              3.90   2.36            0.0
10L   FUT  band2      -6.92      -8.41             -1.16     -5.76     1.16   -0.42 162.01       -32.69   85.88              2.66   2.36            0.0
10L   FUT every2      -2.97      -4.58              2.79     -1.37     1.60   -0.26  77.74       -19.12   85.88              5.41   2.36            0.0
10L   FUT every5      -5.00      -6.55              0.77     -3.61     1.38   -0.37 121.12       -15.01   85.88              3.93   2.36            0.0
10L   FUT  exact      -1.87      -4.03              3.89      1.32     3.19   -0.15  84.37       -21.98   99.53             20.45   2.52            0.0
10L   FUT   none      -8.11      -9.56             -2.34     -7.08     1.02   -0.37 205.83       -32.69   85.88              2.00   2.36            0.0
10L   FUT  round      -1.60      -3.26              4.16      0.21     1.81   -0.15  67.35       -18.44   85.88              6.87   2.36            0.0
10L   SYN  band1      -8.63     -11.50             -2.87     -6.67     1.96   -0.57 180.38       -32.69   85.88              5.58   2.36            0.0
10L   SYN  band2      -8.02     -10.32             -2.25     -6.48     1.54   -0.47 166.81       -32.69   85.88              3.24   2.36            0.0
10L   SYN every2      -5.86      -9.78             -0.10     -3.02     2.85   -0.47 121.57       -31.99   85.88              8.42   2.36            0.0
10L   SYN every5      -7.65     -10.83             -1.88     -5.38     2.27   -0.52 158.31       -31.99   85.88              5.57   2.36            0.0
10L   SYN  exact      -5.44     -11.33              0.32      0.38     5.82   -0.41 128.24       -33.34   99.53             36.65   2.52            0.0
10L   SYN  round      -4.67      -9.27              1.09     -1.28     3.40   -0.41 103.77       -31.99   85.88             11.23   2.36            0.0
25L   FUT  band1      -2.97      -4.83              2.80     -1.24     1.73   -0.24  97.24       -18.73   99.53              7.03   5.80            0.0
25L   FUT  band2      -5.12      -6.93              0.65     -3.55     1.56   -0.37 133.37       -19.41   99.53              4.68   5.80            0.0
25L   FUT every2      -1.38      -3.27              4.39      0.46     1.84   -0.11  86.41       -21.04   99.53              7.36   5.80            0.0
25L   FUT every5      -4.18      -6.01              1.58     -2.59     1.59   -0.28 127.57       -19.59   99.53              4.85   5.80            0.0
25L   FUT  exact      -1.22      -3.38              4.55      1.32     2.54   -0.10  76.98       -21.92   99.53             20.45   6.30            0.0
25L   FUT   none      -8.86     -10.55             -3.10     -7.69     1.17   -0.36 229.76       -45.54   99.53              2.00   5.80            0.0
25L   FUT  round      -0.37      -2.32              5.40      1.71     2.08   -0.03  70.67       -19.89   99.53             10.29   5.80            0.0
25L   SYN  band1      -4.89      -9.30              0.87     -1.88     3.01   -0.37 125.29       -32.00   99.53             11.59   5.80            0.0
25L   SYN  band2      -6.73     -10.59             -0.96     -4.18     2.55   -0.46 149.03       -32.00   99.53              7.08   5.80            0.0
25L   SYN every2      -3.66      -8.21              2.11     -0.45     3.20   -0.27 114.77       -32.00   99.53             12.15   5.80            0.0
25L   SYN every5      -6.59     -10.29             -0.82     -4.01     2.58   -0.41 158.16       -32.00   99.53              7.34   5.80            0.0
25L   SYN  exact      -4.27     -10.16              1.49      0.38     4.65   -0.32 114.97       -33.34   99.53             36.65   6.30            0.0
25L   SYN  round      -3.40      -8.77              2.36      0.46     3.86   -0.28 106.05       -32.00   99.53             17.85   5.80            0.0
50L   FUT  band1      -1.69      -3.69              4.08      0.24     1.93   -0.14  82.65       -21.50   99.53             10.28  12.09            0.0
50L   FUT  band2      -3.14      -5.10              2.62     -1.36     1.78   -0.25  95.04       -19.79   99.53              7.27  12.09            0.0
50L   FUT every2      -1.70      -3.69              4.06      0.18     1.88   -0.13  88.54       -22.54   99.53              8.95  12.09            0.0
50L   FUT every5      -4.57      -6.49              1.19     -2.94     1.64   -0.30 128.23       -19.02   99.53              5.49  12.09            0.0
50L   FUT  exact      -1.00      -3.16              4.77      1.32     2.32   -0.08  74.52       -21.90   99.53             20.45  12.60            0.0
50L   FUT   none      -9.21     -10.98             -3.44     -8.00     1.21   -0.35 240.48       -48.88   99.53              2.00  12.09            0.0
50L   FUT  round      -1.14      -3.19              4.63      0.99     2.13   -0.09  74.82       -21.28   99.53             13.67  12.09            0.0
50L   SYN  band1      -4.14      -9.26              1.63     -0.67     3.47   -0.32 113.91       -33.06   99.53             17.77  12.09            0.0
50L   SYN  band2      -5.13      -9.85              0.64     -2.01     3.12   -0.38 124.59       -33.06   99.53             12.05  12.09            0.0
50L   SYN every2      -4.02      -8.77              1.74     -0.76     3.26   -0.28 119.87       -33.06   99.53             15.15  12.09            0.0
50L   SYN every5      -7.04     -10.92             -1.27     -4.39     2.65   -0.42 161.93       -33.06   99.53              8.54  12.09            0.0
50L   SYN  exact      -3.88      -9.77              1.88      0.38     4.26   -0.29 110.55       -33.34   99.53             36.65  12.60            0.0
50L   SYN  round      -3.97      -9.62              1.79     -0.03     3.94   -0.31 111.25       -33.06   99.53             24.26  12.09            0.0
1Cr   FUT  band1      -1.22      -3.31              4.55      0.83     2.05   -0.10  73.06       -21.88   99.53             13.67  24.70            0.0
1Cr   FUT  band2      -1.30      -3.35              4.47      0.65     1.94   -0.10  77.51       -21.44   99.53             10.45  24.70            0.0
1Cr   FUT every2      -1.56      -3.60              4.20      0.33     1.89   -0.12  89.36       -22.92   99.53             10.17  24.70            0.0
1Cr   FUT every5      -4.40      -6.37              1.36     -2.75     1.66   -0.28 127.32       -19.66   99.53              5.90  24.70            0.0
1Cr   FUT  exact      -0.89      -3.05              4.87      1.32     2.21   -0.07  73.29       -21.90   99.53             20.45  25.20            0.0
1Cr   FUT   none      -9.36     -11.18             -3.59     -8.12     1.24   -0.35 243.56       -48.79   99.53              2.00  24.70            0.0
1Cr   FUT  round      -1.09      -3.20              4.67      1.04     2.13   -0.09  72.85       -21.79   99.53             16.32  24.70            0.0
1Cr   SYN  band1      -3.93      -9.48              1.84     -0.19     3.74   -0.30 107.48       -33.06   99.53             24.23  24.70            0.0
1Cr   SYN  band2      -3.47      -8.76              2.30      0.03     3.50   -0.26 107.55       -33.06   99.53             18.15  24.70            0.0
1Cr   SYN every2      -3.90      -8.76              1.86     -0.62     3.28   -0.27 121.10       -33.06   99.53             17.48  24.70            0.0
1Cr   SYN every5      -6.84     -10.81             -1.08     -4.17     2.68   -0.40 160.05       -33.06   99.53              9.30  24.70            0.0
1Cr   SYN  exact      -3.69      -9.57              2.08      0.38     4.06   -0.28 108.33       -33.34   99.53             36.65  25.20            0.0
1Cr   SYN  round      -3.92      -9.69              1.85      0.02     3.94   -0.30 107.61       -33.06   99.53             29.26  24.70            0.0
5Cr   FUT  band1      -0.86      -3.01              4.90      1.24     2.11   -0.07  72.72       -21.99   99.53             18.62 125.52            0.0
5Cr   FUT  band2      -0.88      -3.02              4.89      1.21     2.09   -0.07  73.47       -22.02   99.53             17.03 125.52            0.0
5Cr   FUT every2      -1.38      -3.45              4.39      0.52     1.89   -0.10  89.56       -23.18   99.53             11.21 125.52            0.0
5Cr   FUT every5      -4.37      -6.37              1.39     -2.70     1.67   -0.27 128.73       -20.92   99.53              6.15 125.52            0.0
5Cr   FUT  exact      -0.80      -2.96              4.96      1.32     2.13   -0.06  72.30       -21.89   99.53             20.45 126.02            0.0
5Cr   FUT   none      -9.50     -11.36             -3.74     -8.25     1.26   -0.35 247.35       -50.09   99.53              2.00 125.52            0.0
5Cr   FUT  round      -0.83      -2.98              4.93      1.28     2.11   -0.07  72.45       -21.88   99.53             19.42 125.52            0.0
5Cr   SYN  band1      -3.57      -9.42              2.19      0.30     3.87   -0.27 106.44       -33.27   99.53             33.43 125.52            0.0
5Cr   SYN  band2      -3.52      -9.33              2.25      0.32     3.84   -0.27 106.52       -33.27   99.53             30.57 125.52            0.0
5Cr   SYN every2      -3.72      -8.66              2.05     -0.45     3.27   -0.25 119.97       -33.27   99.53             19.34 125.52            0.0
5Cr   SYN every5      -6.80     -10.85             -1.04     -4.11     2.69   -0.40 161.69       -33.27   99.53              9.79 125.52            0.0
5Cr   SYN  exact      -3.53      -9.42              2.23      0.38     3.91   -0.27 106.57       -33.34   99.53             36.65 126.02            0.0
5Cr   SYN  round      -3.55      -9.41              2.21      0.33     3.88   -0.27 106.34       -33.27   99.53             34.91 125.52            0.0

==============================================================================================================
SELECTION (best excess Sharpe 2008-2017 among implementable rules) and VERDICT
==============================================================================================================
  10L: chosen FUT band2 (2008-17 Sharpe -0.25) -> 2018-26 excess -10.37%/yr, stress -11.19%/yr, with interest -5.39%/yr, Sharpe -0.59, maxDD 97.0%, cycles traded 73% | exact benchmark +1.17%/yr -> not viable
  25L: chosen FUT none (2008-17 Sharpe -0.20) -> 2018-26 excess -13.12%/yr, stress -14.23%/yr, with interest -8.13%/yr, Sharpe -0.56, maxDD 128.4%, cycles traded 100% | exact benchmark +1.86%/yr -> not viable
  50L: chosen FUT none (2008-17 Sharpe -0.20) -> 2018-26 excess -13.50%/yr, stress -14.70%/yr, with interest -8.52%/yr, Sharpe -0.54, maxDD 135.4%, cycles traded 100% | exact benchmark +2.09%/yr -> not viable
  1Cr: chosen FUT none (2008-17 Sharpe -0.21) -> 2018-26 excess -13.67%/yr, stress -14.93%/yr, with interest -8.68%/yr, Sharpe -0.53, maxDD 136.7%, cycles traded 100% | exact benchmark +2.21%/yr -> not viable
  5Cr: chosen FUT none (2008-17 Sharpe -0.20) -> 2018-26 excess -13.99%/yr, stress -15.29%/yr, with interest -9.01%/yr, Sharpe -0.53, maxDD 140.4%, cycles traded 100% | exact benchmark +2.30%/yr -> not viable

RECONCILIATION with the Stage 5 engine (close fills, 2 bp futures, fractional), excess %/yr:
  2008-2017 (selection): Stage 5 +1.36% gross +4.33% | realistic exact (1 Cr) -3.61% gross -1.40%
  2018-2026 (judged): Stage 5 +6.19% gross +8.88% | realistic exact (1 Cr) +2.21% gross +4.43%
  full 2008-2026: Stage 5 +3.62% gross +6.46% | realistic exact (1 Cr) -0.89% gross +1.32%
