==========================================================================================
ENGINE CHECK (simulated Black-Scholes market, priced at true vol, 21 days, daily hedge)
  CE: unhedged mean +0.95 (sd 275) | hedged mean +0.24 +/- 0.37 (sd 52.5) per Rs100
  PE: unhedged mean -2.03 (sd 266) | hedged mean +0.40 +/- 0.38 (sd 53.7) per Rs100
  [PASS] hedged mean within 1% of premium and >3x less noisy

SPREAD MODEL (live chains 2026, median half-spread by price)
                    b     n      mid   half  half_pct
           (0.5, 2.0]  4734    1.075  0.075     0.070
           (2.0, 5.0]  4746    3.325  0.275     0.083
          (5.0, 10.0]  3591    6.975  0.400     0.057
         (10.0, 20.0]  2975   14.000  0.500     0.036
         (20.0, 50.0]  3582   31.400  0.750     0.024
        (50.0, 100.0]  2944   71.288  1.100     0.015
       (100.0, 200.0]  3396  144.225  1.350     0.009
       (200.0, 500.0]  5981  329.200  2.575     0.008
(500.0, 1000000000.0] 15871 1239.750 15.250     0.012

Trades: 193,033 (2008-01-31 .. 2026-09-29); settlements 698

SANITY
  share of trades ending in the money: 15.1%; hedge steps per trade median 6
  cost per Rs100 premium (round trip, median): buyer 4.6, by |delta|:
dbucket
0.02-0.05    14.2
0.05-0.15     5.6
0.15-0.30     2.6
0.30-0.50     1.7

==========================================================================================
A. BUY-AND-HOLD: buyer P&L per Rs100 premium, net of costs (seller ~ minus this, minus own costs)

By era (buyer, net):
era                            2008-13  2014-19  2020-Nov24  Nov24-now
symbol    side dbucket   tdte                                         
BANKNIFTY CE   0.02-0.05 1      -101.8    -27.7      -115.9     -115.5
                         2         6.3    -53.1      -104.2     -112.4
                         3       -98.6    -40.1      -100.6     -111.0
                         5       -19.0     71.1       -72.8     -109.8
                         10      416.1    136.8       -87.4       32.9
                         21      -90.6     93.1         0.3       21.0
                         42        NaN      NaN       -97.3     -104.8
               0.05-0.15 1       -60.8     17.0       -74.0     -103.4
                         2       -12.6     -5.1       -59.1     -105.4
                         3       -31.0      7.9       -46.4      -95.7
                         5        42.2     59.5       -10.9      -38.7
                         10      235.8     65.3       -15.8       80.8
                         21      212.5    149.2        68.8       24.9
                         42        NaN   -103.4        30.4      -67.2
               0.15-0.30 1       -42.8     12.1       -45.5      -80.5
                         2       -25.0     -2.0       -22.9      -90.2
                         3       -26.3      9.2       -19.2      -33.2
                         5         7.1     34.5         7.7       11.6
                         10      105.5     32.0        -1.2       15.5
                         21      131.2     97.4        24.5        3.8
                         42     -103.0     41.0        24.9      -39.8
               0.30-0.50 1       -30.3      2.4       -31.0      -60.5
                         2       -35.6     -6.5       -13.6      -59.3
                         3       -44.0      9.8        -8.3      -33.5
                         5         8.1     24.0         3.6       -5.9
                         10       52.0     24.2         6.5      -15.6
                         21       49.2     48.5        16.4       -7.4
                         42      -41.9     66.1         6.9      -25.8
          PE   0.02-0.05 1      -101.4   -105.3         0.2     -114.1
                         2      -106.8   -114.7       -86.7      -69.9
                         3       -46.5    -78.2      -111.1     -109.1
                         5      -104.9    -68.5       -91.1      -81.7
                         10      -58.4   -107.7      -104.0     -105.7
                         21      -77.4    -38.1       411.4      436.9
                         42        NaN   -105.8      -105.1       86.5
               0.05-0.15 1       -41.2    -42.7        -3.2      -94.7
                         2         2.7    -78.0       -39.3       44.1
                         3        14.7    -38.0       -62.5      -68.9
                         5        11.5    -33.7       -32.5       34.6
                         10       27.0    -21.8       -63.3     -100.0
                         21       89.1     -5.0        86.2      228.6
                         42        NaN     41.0      -102.0       60.8
               0.15-0.30 1        -1.6    -18.4       -11.5      -35.9
                         2        33.9    -31.2       -18.5       37.8
                         3        21.6    -16.8       -36.7      -28.6
                         5        34.1    -14.8       -13.3       77.5
                         10       42.3    -10.4       -17.5      -55.7
                         21       40.6      7.9        18.2       89.0
                         42      514.7     40.4       -31.4       57.9
               0.30-0.50 1       -22.9      3.9        -3.9      -13.5
                         2        27.3    -11.2        -8.0       19.4
                         3        38.7     -7.2       -22.3       -6.7
                         5        31.3    -10.9        -6.6       73.8
                         10       41.0     -7.0        -6.8      -21.3
                         21       13.8     -6.3        15.9       45.6
                         42       20.9    -13.5        -4.9       38.5
NIFTY     CE   0.02-0.05 1      -156.4   -125.8      -109.6      -92.0
                         2      -101.4    -48.8      -108.2     -116.4
                         3      -110.8    -88.4      -100.1      -58.9
                         5       -59.0      9.6       -68.4     -112.1
                         10      -22.2    -71.8       -85.0      -99.4
                         21       -5.4    -96.4        -4.6     -108.0
                         42     -106.0   -103.9       104.9     -106.5
               0.05-0.15 1       -93.2    -50.6       -61.2      -50.4
                         2      -103.9    -39.9       -50.6      -52.8
                         3       -99.2    -42.2       -37.8      -24.3
                         5        15.4    -19.4        16.7      -58.7
                         10        5.0     -9.5         1.0      -47.3
                         21        3.2     11.3        32.7     -103.8
                         42      -39.9    -47.5       150.4     -103.5
               0.15-0.30 1       -63.4    -34.2       -23.1      -42.9
                         2         1.6    -28.1       -11.0      -29.2
                         3       -33.2     -8.8         4.5      -23.8
                         5        -9.9     -5.9        20.5      -19.1
                         10      -24.6    -14.8        22.9      -33.0
                         21       -1.1     31.1        45.7      -84.2
                         42        5.8    -12.6        79.9      -96.1
               0.30-0.50 1       -50.9    -18.1        -8.3      -41.5
                         2       -46.7    -24.0        -2.5      -22.6
                         3       -40.8     -8.5        10.9      -26.1
                         5       -19.0      4.3        15.1      -21.3
                         10        0.7     -5.4        19.9      -28.4
                         21       -4.1     14.9        24.1      -66.1
                         42      -10.0     18.4        42.1      -71.1
          PE   0.02-0.05 1      -146.1   -125.3       -56.5     -116.9
                         2      -137.3   -123.7      -118.9     -101.4
                         3      -131.8   -119.2       -91.2     -101.5
                         5      -119.2   -100.6       -80.7     -111.0
                         10      -93.4   -109.8      -107.8     -105.6
                         21      -62.9   -111.2       203.2      -23.7
                         42     -111.9   -105.1       176.7     -105.0
               0.05-0.15 1       -89.8    -60.2       -29.5      -74.6
                         2      -102.6    -81.6       -66.0      -39.3
                         3       -88.7    -48.0       -41.3      -69.0
                         5       -58.1    -16.0       -27.3      -59.4
                         10      -46.9    -55.4       -63.3      -50.2
                         21      -38.5    -71.9        -6.4       44.9
                         42      -89.6    -50.8        54.6        3.2
               0.15-0.30 1       -88.4    -35.3       -15.6      -31.0
                         2       -36.0    -29.8       -21.3      -10.5
                         3       -38.8    -25.0       -21.0      -19.3
                         5       -29.4      6.0       -13.9        6.9
                         10       -8.9    -15.0       -17.1       -3.8
                         21       -1.3    -29.1       -25.0       46.3
                         42      -54.2    -30.2       -22.4       59.5
               0.30-0.50 1         1.5      5.5        -5.8        3.5
                         2       -19.9     -9.8       -10.8        6.2
                         3        -5.4    -17.4       -16.7        4.0
                         5       -18.3     11.2        -8.1       30.3
                         10        1.2     -7.5       -12.5       17.9
                         21        2.8    -15.6       -20.9       28.3
                         42      -16.3    -22.9       -25.8       65.3

Cells that hold up (discovery BH + holdout + stress): buyer side 10 of 112, seller side 6 of 112
Seller side, holds up:
   symbol side   dbucket  tdte  n_exp_disc  mean_disc  n_exp_hold  mean_hold  hold_stress  win_share_hold  worst_hold
BANKNIFTY   PE 0.02-0.05     2       151.0       65.8       378.0       63.7         57.5             1.0    -4,286.4
BANKNIFTY   PE 0.02-0.05    10        77.0       61.1       245.0       89.6         86.6             1.0      -378.4
    NIFTY   PE 0.02-0.05     2       114.0       57.9       408.0       77.2         68.7             1.0    -1,079.7
    NIFTY   PE 0.02-0.05     3       113.0       64.4       408.0       65.1         57.2             1.0    -4,594.9
    NIFTY   PE 0.02-0.05     5       113.0       63.0       406.0       63.1         55.9             1.0    -4,553.3
    NIFTY   PE 0.02-0.05    10       109.0       66.8       360.0       87.0         81.7             1.0      -462.2
Buyer side, holds up:
   symbol side   dbucket  tdte  n_exp_disc  mean_disc  n_exp_hold  mean_hold  hold_stress  win_share_hold  worst_hold
BANKNIFTY   PE 0.02-0.05     2       151.0     -109.5       378.0      -94.6       -101.0             0.0      -132.2
BANKNIFTY   PE 0.02-0.05    10        77.0      -88.3       245.0     -104.4       -107.5             0.0      -115.4
    NIFTY   CE 0.02-0.05     1        90.0     -143.8       412.0     -107.1       -115.7             0.0      -158.1
    NIFTY   PE 0.02-0.05     1       106.0     -136.1       411.0      -80.9        -89.8             0.0      -152.3
    NIFTY   PE 0.02-0.05     2       114.0     -133.3       408.0     -115.0       -123.4             0.0      -135.8
    NIFTY   PE 0.02-0.05     3       113.0     -127.0       408.0      -97.5       -105.6             0.0      -132.9
    NIFTY   PE 0.02-0.05     5       113.0     -114.6       406.0      -89.8        -97.1             0.0      -123.5
    NIFTY   PE 0.02-0.05    10       109.0     -104.5       360.0     -106.2       -111.7             0.0      -116.4
    NIFTY   PE 0.05-0.15     2       112.0      -86.5       411.0      -63.8        -69.6             0.1      -117.0
    NIFTY   PE 0.05-0.15    10       116.0      -56.1       382.0      -57.3        -60.6             0.1      -108.1

Structure pre-2020 vs post-2020 (buyer net): 1 of 109 cells differ (BH q=0.05)
symbol side   dbucket  tdte    pre   post  diff   p  n_pre  n_post   bh
 NIFTY   PE 0.02-0.05     2 -128.9 -114.0  14.9 0.0    173     349 True

==========================================================================================
B. DELTA-HEDGED: buyer P&L per Rs100 premium, net of costs (seller ~ minus this, minus own costs)

By era (buyer, net):
era                            2008-13  2014-19  2020-Nov24  Nov24-now
symbol    side dbucket   tdte                                         
BANKNIFTY CE   0.02-0.05 1       -93.6    -35.7      -102.0      -94.9
                         2         4.7    -74.0      -118.6      -86.2
                         3       -88.2   -113.9      -125.3     -118.3
                         5      -146.1    -49.3      -108.6      -71.5
                         10      -13.0    -29.4      -119.1     -120.1
                         21       23.6   -134.2       -94.2      -36.3
                         42        NaN      NaN       -82.2      -53.1
               0.05-0.15 1       -78.5      8.8       -59.1      -81.2
                         2       -14.1    -20.1       -74.4      -76.3
                         3       -13.8    -46.5       -74.8      -98.9
                         5       -40.1    -32.2       -61.5      -18.2
                         10       -1.3    -41.0       -58.3      -49.4
                         21        9.8    -31.9       -31.3      -41.1
                         42        NaN    -61.1       -19.0      -34.1
               0.15-0.30 1       -53.4      5.3       -33.3      -59.6
                         2       -29.0    -11.5       -35.1      -62.4
                         3       -24.3    -25.1       -43.1      -30.8
                         5       -13.3    -20.9       -24.2       11.5
                         10       -1.1    -25.5       -34.0      -37.4
                         21       -3.3    -13.5       -11.9      -27.8
                         42        8.1    -23.2       -18.4      -14.9
               0.30-0.50 1       -13.6      0.4       -21.4      -43.3
                         2       -14.0    -13.0       -20.5      -36.5
                         3       -21.0    -13.6       -25.0      -22.4
                         5        -7.3     -9.0       -13.8       -1.9
                         10       -4.1     -9.1       -16.2      -26.9
                         21       -1.3    -10.3        -9.3      -22.7
                         42       -5.4    -15.4       -14.3      -16.8
          PE   0.02-0.05 1      -121.0   -116.4       -26.1     -153.6
                         2      -184.5   -112.4       -84.8     -152.1
                         3      -118.5    -96.2       -94.4     -104.9
                         5      -125.7    -65.8       -87.3     -142.4
                         10      -48.9    -53.4       -91.5      -84.0
                         21      -47.1    -62.9       -10.6        7.6
                         42        NaN    -54.9       -71.8      138.4
               0.05-0.15 1       -43.4    -53.3       -29.5     -134.4
                         2       -94.1    -77.7       -47.6      -50.3
                         3       -56.7    -61.2       -55.7      -83.4
                         5       -27.5    -37.2       -32.9      -59.9
                         10       -1.0    -14.7       -45.8      -72.2
                         21       -2.2    -30.6       -37.8      -24.0
                         42        NaN    -56.1       -45.2       -2.8
               0.15-0.30 1       -12.7    -25.1       -34.4      -71.8
                         2       -19.4    -33.9       -32.5      -38.4
                         3       -41.6    -29.1       -35.7      -52.8
                         5       -13.1    -16.5       -19.5      -17.5
                         10      -14.8     -7.6       -17.9      -43.5
                         21       -6.7    -14.9       -23.8      -30.4
                         42       24.4     -5.0       -28.3      -23.6
               0.30-0.50 1       -17.6     -7.5       -22.7      -44.0
                         2       -12.0    -14.4       -20.8      -34.9
                         3       -20.2    -11.9       -22.0      -31.8
                         5        -6.8     -7.0       -12.2       -4.5
                         10       -5.1     -7.9       -11.4      -25.1
                         21       -0.8     -8.7       -11.0      -25.2
                         42      -42.3     -9.2       -16.2      -18.1
NIFTY     CE   0.02-0.05 1      -165.4   -124.1      -118.5      -72.2
                         2      -117.7   -107.3      -138.3     -136.9
                         3       -99.9   -137.6      -149.3     -106.6
                         5      -164.1    -71.4      -138.5      -69.8
                         10      -99.9   -113.6      -150.2     -105.0
                         21      -84.6   -171.5      -135.8      -69.7
                         42      -56.5   -162.3      -158.2      -26.4
               0.05-0.15 1      -108.9    -52.5       -69.8      -27.8
                         2      -100.2    -82.9       -85.7      -75.4
                         3       -80.2    -95.2       -96.7      -60.9
                         5       -83.4    -66.2       -72.1      -47.1
                         10      -52.8    -61.9       -83.4      -57.8
                         21      -36.4    -90.1       -85.0      -50.6
                         42      -42.3    -87.3       -55.5      -17.2
               0.15-0.30 1       -71.5    -31.8       -30.5      -21.3
                         2       -48.0    -51.8       -38.0      -45.6
                         3       -39.0    -47.3       -43.3      -36.5
                         5       -53.7    -38.5       -32.7      -22.7
                         10      -24.5    -39.3       -41.2      -26.1
                         21      -31.6    -38.4       -44.5      -30.9
                         42      -26.2    -47.7       -34.0      -18.2
               0.30-0.50 1       -53.2    -16.2       -13.3      -22.6
                         2       -33.9    -29.7       -20.0      -29.5
                         3       -34.4    -29.0       -23.4      -23.0
                         5       -23.6    -17.0       -15.5      -13.6
                         10      -13.4    -17.8       -19.3      -14.2
                         21      -22.2    -17.2       -16.1      -24.3
                         42      -17.4    -21.5       -19.7      -17.5
          PE   0.02-0.05 1      -135.4   -144.7       -68.2     -158.7
                         2      -167.7   -135.5      -122.1     -128.1
                         3      -138.4   -132.0       -81.9     -101.7
                         5      -110.3   -100.6       -75.2     -117.1
                         10      -18.1    -84.5       -83.2     -113.0
                         21      -42.7    -93.0       -15.5      -57.0
                         42      -78.3    -78.3        39.0      -86.6
               0.05-0.15 1      -100.8    -77.3       -41.0     -120.1
                         2      -122.1   -100.3       -75.4      -81.5
                         3       -99.8    -69.9       -49.1      -80.2
                         5       -62.1    -54.0       -30.0      -85.3
                         10      -36.0    -48.2       -36.6      -75.2
                         21      -35.2    -55.4       -48.4      -23.5
                         42      -33.0    -40.1       -14.4      -20.8
               0.15-0.30 1       -77.8    -44.9       -24.7      -73.5
                         2       -49.4    -51.2       -29.5      -56.0
                         3       -52.7    -39.7       -31.7      -46.6
                         5       -27.6    -20.2       -18.9      -37.3
                         10      -29.9    -20.6       -16.9      -43.4
                         21      -25.0    -23.9       -32.0      -33.3
                         42      -27.1    -22.5       -24.4      -28.4
               0.30-0.50 1       -12.5    -10.9       -13.3      -33.0
                         2       -40.7    -27.0       -16.7      -32.6
                         3       -22.9    -24.4       -20.3      -26.6
                         5       -21.3    -10.8       -11.3      -16.5
                         10      -18.5    -12.2       -12.6      -20.9
                         21      -17.3    -15.2       -17.3      -23.8
                         42      -16.9    -15.5       -15.1      -21.0

Cells that hold up (discovery BH + holdout + stress): buyer side 64 of 112, seller side 8 of 112
Seller side, holds up:
   symbol side   dbucket  tdte  n_exp_disc  mean_disc  n_exp_hold  mean_hold  hold_stress  win_share_hold  worst_hold
BANKNIFTY   PE 0.02-0.05     2       151.0       71.3       378.0       57.3         51.1             0.8    -4,158.2
    NIFTY   CE 0.02-0.05     5       119.0       67.6       410.0       45.8         37.6             0.6    -7,200.4
    NIFTY   CE 0.02-0.05    21       111.0       69.4       178.0       76.6         70.9             0.7      -600.5
    NIFTY   CE 0.05-0.15     5       116.0       42.3       411.0       23.8         19.0             0.6    -2,592.6
    NIFTY   CE 0.15-0.30    42       109.0       20.8       105.0       15.1         13.4             0.6      -215.6
    NIFTY   CE 0.30-0.50    42       114.0        8.6       105.0        8.5          7.4             0.7      -152.2
    NIFTY   PE 0.02-0.05     2       114.0       67.8       408.0       74.8         66.3             0.8      -722.9
    NIFTY   PE 0.02-0.05     3       113.0       67.8       408.0       48.4         40.4             0.8    -4,225.4
Buyer side, holds up:
   symbol side   dbucket  tdte  n_exp_disc  mean_disc  n_exp_hold  mean_hold  hold_stress  win_share_hold  worst_hold
BANKNIFTY   CE 0.02-0.05     3       146.0     -108.1       379.0     -121.7       -128.3             0.1    -1,301.8
BANKNIFTY   CE 0.02-0.05     5       143.0     -132.0       373.0      -68.2        -73.9             0.3    -1,081.5
BANKNIFTY   CE 0.02-0.05    10        81.0      -96.9       239.0      -85.7        -89.4             0.2    -1,424.1
BANKNIFTY   CE 0.05-0.15     5       160.0      -49.7       379.0      -44.5        -47.8             0.3      -601.3
BANKNIFTY   CE 0.05-0.15    10        91.0      -45.1       283.0      -47.7        -50.0             0.3      -558.3
BANKNIFTY   CE 0.30-0.50     3       168.0      -14.6       381.0      -22.4        -23.8             0.3      -135.9
BANKNIFTY   CE 0.30-0.50    42        26.0      -23.3        91.0      -11.9        -13.1             0.3       -99.7
BANKNIFTY   PE 0.02-0.05     2       151.0     -126.1       378.0      -98.5       -104.9             0.1      -667.9
BANKNIFTY   PE 0.02-0.05     3       149.0      -83.0       374.0     -103.0       -108.6             0.1      -692.2
BANKNIFTY   PE 0.05-0.15     2       157.0      -70.2       381.0      -61.0        -64.8             0.2      -440.7
BANKNIFTY   PE 0.05-0.15     3       162.0      -50.8       379.0      -62.7        -66.2             0.2      -536.5
BANKNIFTY   PE 0.05-0.15    42         8.0      -67.1        75.0      -32.5        -33.7             0.2      -205.8
BANKNIFTY   PE 0.15-0.30     3       165.0      -31.7       380.0      -35.6        -37.6             0.2      -242.6
BANKNIFTY   PE 0.15-0.30     5       162.0      -16.9       379.0      -18.0        -19.8             0.3      -235.1
BANKNIFTY   PE 0.30-0.50     3       166.0      -12.8       380.0      -20.6        -22.1             0.3      -128.0
BANKNIFTY   PE 0.30-0.50    42        21.0      -20.4        94.0      -14.4        -15.8             0.2       -92.7
    NIFTY   CE 0.02-0.05     1        90.0     -143.8       412.0     -108.5       -117.1             0.3      -621.0
    NIFTY   CE 0.02-0.05     2       109.0     -105.3       411.0     -135.6       -144.3             0.2      -999.1
    NIFTY   CE 0.02-0.05     3       117.0     -108.5       411.0     -139.4       -148.1             0.2    -1,500.0
    NIFTY   CE 0.02-0.05     5       119.0     -155.9       410.0     -104.1       -112.4             0.2    -1,180.5
    NIFTY   CE 0.02-0.05    10       115.0     -132.5       375.0     -126.5       -133.3             0.2    -1,432.1
    NIFTY   CE 0.02-0.05    21       111.0     -130.6       178.0     -115.0       -120.6             0.1      -861.9
    NIFTY   CE 0.02-0.05    42        76.0     -110.5        61.0     -137.6       -143.3             0.2    -1,576.9
    NIFTY   CE 0.05-0.15     1        90.0      -69.8       411.0      -60.1        -67.4             0.3      -440.0
    NIFTY   CE 0.05-0.15     2       101.0      -88.6       411.0      -83.7        -90.0             0.2      -539.5
    NIFTY   CE 0.05-0.15     3       103.0      -78.1       412.0      -90.3        -96.0             0.2      -643.0
    NIFTY   CE 0.05-0.15     5       116.0      -92.9       411.0      -60.7        -65.7             0.3      -671.8
    NIFTY   CE 0.05-0.15    10       119.0      -71.5       386.0      -69.9        -73.7             0.3      -571.0
    NIFTY   CE 0.05-0.15    21       119.0      -59.9       191.0      -73.3        -76.4             0.2      -469.4
    NIFTY   CE 0.05-0.15    42        99.0      -69.0        98.0      -49.7        -52.8             0.3      -501.6
    NIFTY   CE 0.15-0.30     1        67.0      -54.6       404.0      -27.9        -32.0             0.3      -272.7
    NIFTY   CE 0.15-0.30     2        91.0      -45.5       411.0      -42.8        -46.3             0.3      -289.1
    NIFTY   CE 0.15-0.30     3        97.0      -38.9       412.0      -43.2        -46.3             0.3      -268.7
    NIFTY   CE 0.15-0.30     5       105.0      -50.0       411.0      -30.3        -33.1             0.4      -261.0
    NIFTY   CE 0.15-0.30    10       114.0      -37.6       387.0      -35.2        -37.4             0.3      -236.9
    NIFTY   CE 0.15-0.30    21       120.0      -34.2       191.0      -39.1        -40.8             0.3      -246.6
    NIFTY   CE 0.15-0.30    42       109.0      -38.4       105.0      -30.8        -32.5             0.3      -205.8
    NIFTY   CE 0.30-0.50     1        72.0      -35.5       406.0      -15.7        -18.4             0.3      -176.3
    NIFTY   CE 0.30-0.50     2        88.0      -28.0       410.0      -24.4        -26.7             0.3      -180.4
    NIFTY   CE 0.30-0.50     3        97.0      -28.7       412.0      -24.8        -26.9             0.3      -140.5
    NIFTY   CE 0.30-0.50     5       110.0      -20.6       411.0      -15.3        -17.0             0.3      -127.1
    NIFTY   CE 0.30-0.50    10       116.0      -17.8       387.0      -17.1        -18.5             0.3      -112.6
    NIFTY   CE 0.30-0.50    21       120.0      -19.3       205.0      -19.6        -20.7             0.2       -86.9
    NIFTY   CE 0.30-0.50    42       114.0      -20.0       105.0      -18.7        -19.9             0.3      -155.2
    NIFTY   PE 0.02-0.05     1       106.0     -143.0       411.0      -99.9       -108.7             0.2      -559.8
    NIFTY   PE 0.02-0.05     2       114.0     -152.9       408.0     -125.8       -134.3             0.1      -889.1
    NIFTY   PE 0.02-0.05     3       113.0     -139.6       408.0      -92.8       -100.9             0.1    -1,037.7
    NIFTY   PE 0.05-0.15     1        96.0      -73.7       412.0      -68.6        -75.4             0.3      -391.5
    NIFTY   PE 0.05-0.15     2       112.0     -105.1       411.0      -82.5        -88.2             0.2      -490.2
    NIFTY   PE 0.05-0.15     3       115.0      -80.6       410.0      -61.4        -66.5             0.2      -441.6
    NIFTY   PE 0.05-0.15     5       116.0      -53.6       409.0      -48.1        -52.5             0.2      -436.4
    NIFTY   PE 0.05-0.15    21       112.0      -39.9       193.0      -43.0        -45.8             0.1      -366.0
    NIFTY   PE 0.15-0.30     1        79.0      -50.9       410.0      -41.2        -45.3             0.3      -276.2
    NIFTY   PE 0.15-0.30     2        91.0      -43.6       411.0      -40.4        -43.8             0.3      -269.4
    NIFTY   PE 0.15-0.30     3       105.0      -43.0       412.0      -37.3        -40.4             0.2      -247.5
    NIFTY   PE 0.15-0.30    10       119.0      -24.6       387.0      -24.5        -26.5             0.2      -223.9
    NIFTY   PE 0.15-0.30    21       119.0      -24.2       202.0      -31.7        -33.3             0.1      -171.1
    NIFTY   PE 0.15-0.30    42       105.0      -25.1       104.0      -24.7        -26.2             0.2      -132.9
    NIFTY   PE 0.30-0.50     2        95.0      -30.0       411.0      -22.9        -25.2             0.3      -141.4
    NIFTY   PE 0.30-0.50     3        92.0      -21.3       412.0      -22.9        -25.0             0.3      -126.9
    NIFTY   PE 0.30-0.50     5       110.0      -15.4       411.0      -12.8        -14.5             0.3      -122.4
    NIFTY   PE 0.30-0.50    10       118.0      -15.7       387.0      -14.7        -16.1             0.3       -95.8
    NIFTY   PE 0.30-0.50    21       119.0      -16.9       208.0      -19.1        -20.2             0.2       -79.8
    NIFTY   PE 0.30-0.50    42       112.0      -16.3       106.0      -16.4        -17.6             0.2       -79.8

Structure pre-2020 vs post-2020 (buyer net): 0 of 109 cells differ (BH q=0.05)

==========================================================================================
POOLED VIEW (all horizons, buyer net per Rs100, mean of settlement means)

buy_net:
era                       2008-13  2014-19  2020-Nov24  Nov24-now
symbol    side dbucket                                           
BANKNIFTY CE   0.02-0.05     26.5     -9.4       -88.4      -72.9
               0.05-0.15     84.9     12.0       -30.7      -35.6
               0.15-0.30     43.1     12.7        -8.2      -23.7
               0.30-0.50     17.8      8.0        -3.5      -22.1
          PE   0.02-0.05    -81.7    -97.9       -44.9       84.5
               0.05-0.15     10.6    -56.0       -43.7       52.3
               0.15-0.30     36.1    -25.5       -26.4       21.9
               0.30-0.50     21.2    -15.7       -13.0       14.1
NIFTY     CE   0.02-0.05    -68.7    -74.4       -83.1      -99.3
               0.05-0.15    -36.6    -38.4       -10.8      -55.9
               0.15-0.30    -20.2    -15.7        16.0      -36.1
               0.30-0.50    -20.0     -5.0        17.2      -32.8
          PE   0.02-0.05   -111.2   -114.7       -62.3      -98.8
               0.05-0.15    -76.8    -55.4       -50.3      -50.3
               0.15-0.30    -33.5    -24.1       -32.8       -8.7
               0.30-0.50     -9.0    -13.3       -24.8       10.8

hbuy_net:
era                       2008-13  2014-19  2020-Nov24  Nov24-now
symbol    side dbucket                                           
BANKNIFTY CE   0.02-0.05    -86.0    -87.0      -122.6     -103.5
               0.05-0.15    -40.2    -44.2       -71.3      -57.7
               0.15-0.30    -12.6    -24.7       -35.7      -31.6
               0.30-0.50     -6.7    -14.5       -20.0      -23.2
          PE   0.02-0.05   -122.5   -100.8       -55.2      -74.5
               0.05-0.15    -37.9    -60.9       -44.5      -55.6
               0.15-0.30    -16.7    -27.3       -30.0      -36.4
               0.30-0.50     -7.5    -13.7       -18.1      -25.2
NIFTY     CE   0.02-0.05   -114.6   -130.2      -147.8      -98.4
               0.05-0.15    -59.0    -87.8       -90.5      -58.8
               0.15-0.30    -37.5    -46.9       -41.8      -33.2
               0.30-0.50    -24.0    -24.1       -19.7      -21.6
          PE   0.02-0.05    -94.2   -120.0       -73.2     -115.1
               0.05-0.15    -64.2    -70.3       -47.7      -79.4
               0.15-0.30    -36.5    -33.8       -26.9      -48.5
               0.30-0.50    -20.1    -18.5       -16.8      -25.9

Worst settlements for sellers of 0.02-0.15 delta puts (all horizons pooled, seller net per Rs100):
symbol     settled   
BANKNIFTY  2020-03-12   -3,735.9
NIFTY      2020-03-12   -3,466.9
           2020-03-26   -3,088.9
BANKNIFTY  2026-03-30   -2,959.8
           2024-01-17   -2,583.8
           2020-03-26   -2,021.4
           2014-09-25   -1,560.2
           2011-02-24   -1,150.8
